service_id,date,exception_type
000001,20230401,1
000001,20230402,1
000001,20230408,1
000001,20230409,1
000001,20230410,1
000001,20230415,1
000001,20230416,1
000001,20230422,1
000001,20230423,1
000001,20230429,1
000001,20230430,1
000001,20230501,1
000001,20230506,1
000001,20230507,1
000001,20230508,1
000002,20230403,1
000002,20230404,1
000002,20230405,1
000002,20230406,1
000002,20230407,1
000002,20230411,1
000002,20230412,1
000002,20230413,1
000002,20230414,1
000002,20230417,1
000002,20230418,1
000002,20230419,1
000002,20230420,1
000002,20230421,1
000002,20230425,1
000002,20230426,1
000002,20230427,1
000002,20230428,1
000002,20230502,1
000002,20230503,1
000002,20230504,1
000002,20230505,1
000002,20230509,1
000003,20230424,1
000004,20230417,1
000004,20230418,1
000004,20230419,1
000004,20230420,1
000004,20230421,1
000004,20230424,1
000004,20230425,1
000004,20230426,1
000004,20230427,1
000004,20230428,1
000005,20230402,1
000005,20230403,1
000005,20230404,1
000005,20230405,1
000005,20230406,1
000005,20230407,1
000005,20230409,1
000005,20230410,1
000005,20230411,1
000005,20230412,1
000005,20230413,1
000005,20230414,1
000005,20230416,1
000005,20230423,1
000005,20230430,1
000005,20230501,1
000005,20230507,1
000006,20230502,1
000006,20230503,1
000006,20230504,1
000006,20230505,1
000006,20230509,1
000007,20230401,1
000007,20230408,1
000007,20230415,1
000007,20230422,1
000007,20230429,1
000007,20230506,1
000007,20230508,1
000008,20230417,1
000009,20230418,1
000009,20230419,1
000009,20230420,1
000009,20230421,1
000009,20230424,1
000009,20230425,1
000009,20230426,1
000009,20230427,1
000009,20230428,1
000009,20230502,1
000009,20230503,1
000009,20230504,1
000009,20230505,1
000009,20230509,1
000010,20230403,1
000010,20230404,1
000010,20230405,1
000010,20230406,1
000010,20230407,1
000010,20230411,1
000010,20230412,1
000010,20230413,1
000010,20230414,1
000011,20230424,1
000011,20230425,1
000011,20230426,1
000011,20230427,1
000011,20230428,1
000011,20230502,1
000011,20230503,1
000011,20230504,1
000011,20230505,1
000012,20230401,1
000012,20230408,1
000012,20230415,1
000012,20230422,1
000012,20230429,1
000012,20230506,1
000013,20230403,1
000013,20230404,1
000013,20230405,1
000013,20230406,1
000013,20230407,1
000013,20230411,1
000013,20230412,1
000013,20230413,1
000013,20230414,1
000013,20230417,1
000013,20230418,1
000013,20230419,1
000013,20230420,1
000013,20230421,1
000013,20230509,1
000014,20230402,1
000014,20230409,1
000014,20230410,1
000014,20230416,1
000014,20230423,1
000014,20230430,1
000014,20230501,1
000014,20230507,1
000014,20230508,1
000015,20230401,1
000015,20230402,1
000015,20230409,1
000015,20230410,1
000015,20230416,1
000015,20230423,1
000015,20230430,1
000015,20230501,1
000015,20230507,1
000015,20230508,1
000016,20230403,1
000016,20230404,1
000016,20230405,1
000016,20230406,1
000016,20230407,1
000016,20230408,1
000016,20230411,1
000016,20230412,1
000016,20230413,1
000016,20230414,1
000016,20230415,1
000016,20230418,1
000016,20230419,1
000016,20230420,1
000016,20230421,1
000016,20230422,1
000016,20230424,1
000016,20230425,1
000016,20230426,1
000016,20230427,1
000016,20230428,1
000016,20230429,1
000016,20230502,1
000016,20230503,1
000016,20230504,1
000016,20230505,1
000016,20230506,1
000016,20230509,1
000017,20230401,1
000017,20230403,1
000017,20230404,1
000017,20230405,1
000017,20230406,1
000017,20230407,1
000017,20230408,1
000017,20230411,1
000017,20230412,1
000017,20230413,1
000017,20230414,1
000017,20230415,1
000017,20230417,1
000017,20230418,1
000017,20230419,1
000017,20230420,1
000017,20230421,1
000017,20230422,1
000017,20230424,1
000017,20230425,1
000017,20230426,1
000017,20230427,1
000017,20230428,1
000017,20230429,1
000017,20230502,1
000017,20230503,1
000017,20230504,1
000017,20230505,1
000017,20230506,1
000017,20230509,1
000018,20230403,1
000018,20230404,1
000018,20230405,1
000018,20230406,1
000018,20230407,1
000018,20230411,1
000018,20230412,1
000018,20230413,1
000018,20230414,1
000018,20230417,1
000018,20230418,1
000018,20230419,1
000018,20230420,1
000018,20230421,1
000018,20230424,1
000018,20230425,1
000018,20230426,1
000018,20230427,1
000018,20230428,1
000018,20230502,1
000018,20230503,1
000018,20230504,1
000018,20230505,1
000018,20230509,1
000019,20230209,1
000020,20230429,1
000020,20230430,1
000020,20230501,1
000020,20230502,1
000020,20230503,1
000020,20230504,1
000020,20230505,1
000020,20230506,1
000020,20230507,1
000020,20230508,1
000020,20230509,1
000021,20230210,1
000021,20230211,1
000021,20230212,1
000021,20230213,1
000021,20230214,1
000021,20230215,1
000021,20230216,1
000021,20230217,1
000021,20230218,1
000021,20230219,1
000021,20230220,1
000021,20230221,1
000021,20230222,1
000021,20230223,1
000021,20230224,1
000021,20230225,1
000021,20230226,1
000021,20230227,1
000021,20230228,1
000021,20230301,1
000021,20230302,1
000021,20230303,1
000021,20230304,1
000021,20230305,1
000021,20230306,1
000021,20230307,1
000021,20230308,1
000021,20230309,1
000021,20230310,1
000021,20230311,1
000021,20230312,1
000021,20230313,1
000021,20230314,1
000021,20230315,1
000021,20230316,1
000021,20230317,1
000021,20230318,1
000021,20230319,1
000021,20230320,1
000021,20230321,1
000021,20230322,1
000021,20230323,1
000021,20230324,1
000021,20230325,1
000021,20230326,1
000021,20230327,1
000021,20230328,1
000021,20230329,1
000021,20230330,1
000021,20230331,1
000021,20230401,1
000021,20230402,1
000021,20230403,1
000021,20230404,1
000021,20230405,1
000021,20230406,1
000021,20230407,1
000021,20230408,1
000021,20230409,1
000021,20230410,1
000021,20230411,1
000021,20230412,1
000021,20230413,1
000021,20230414,1
000021,20230415,1
000021,20230416,1
000021,20230417,1
000021,20230418,1
000021,20230419,1
000021,20230420,1
000021,20230421,1
000021,20230422,1
000021,20230423,1
000021,20230424,1
000021,20230425,1
000021,20230426,1
000021,20230427,1
000021,20230428,1
000022,20230210,1
000022,20230213,1
000022,20230214,1
000022,20230215,1
000022,20230216,1
000022,20230217,1
000022,20230220,1
000022,20230221,1
000022,20230222,1
000022,20230223,1
000022,20230224,1
000023,20230227,1
000023,20230228,1
000023,20230301,1
000023,20230302,1
000023,20230303,1
000023,20230306,1
000023,20230307,1
000023,20230308,1
000023,20230309,1
000023,20230310,1
000023,20230313,1
000023,20230314,1
000023,20230315,1
000023,20230316,1
000023,20230317,1
000023,20230320,1
000023,20230321,1
000023,20230322,1
000023,20230323,1
000023,20230324,1
000023,20230327,1
000023,20230328,1
000023,20230329,1
000023,20230330,1
000023,20230331,1
000023,20230403,1
000023,20230404,1
000023,20230405,1
000023,20230406,1
000023,20230407,1
000023,20230411,1
000023,20230412,1
000023,20230413,1
000023,20230414,1
000023,20230417,1
000023,20230418,1
000023,20230419,1
000023,20230420,1
000023,20230421,1
000023,20230424,1
000023,20230425,1
000023,20230426,1
000023,20230427,1
000023,20230428,1
000023,20230502,1
000023,20230503,1
000023,20230504,1
000023,20230505,1
000023,20230509,1
000024,20230227,1
000024,20230228,1
000024,20230301,1
000024,20230303,1
000024,20230304,1
000024,20230306,1
000024,20230307,1
000024,20230308,1
000024,20230310,1
000024,20230311,1
000024,20230313,1
000024,20230314,1
000024,20230315,1
000024,20230317,1
000024,20230318,1
000024,20230320,1
000024,20230321,1
000024,20230322,1
000024,20230324,1
000024,20230325,1
000025,20230302,1
000025,20230309,1
000025,20230316,1
000025,20230323,1
000026,20230502,1
000026,20230503,1
000026,20230505,1
000026,20230506,1
000026,20230509,1
000027,20230327,1
000027,20230328,1
000027,20230329,1
000027,20230331,1
000027,20230401,1
000027,20230403,1
000027,20230404,1
000027,20230405,1
000027,20230406,1
000027,20230407,1
000027,20230408,1
000027,20230411,1
000027,20230412,1
000027,20230414,1
000027,20230415,1
000027,20230417,1
000027,20230418,1
000027,20230419,1
000027,20230421,1
000027,20230422,1
000027,20230424,1
000027,20230425,1
000027,20230426,1
000027,20230428,1
000027,20230429,1
000028,20230330,1
000028,20230413,1
000028,20230420,1
000028,20230427,1
000029,20230504,1
000030,20230210,1
000030,20230211,1
000030,20230213,1
000030,20230214,1
000030,20230215,1
000030,20230216,1
000030,20230217,1
000030,20230218,1
000030,20230220,1
000030,20230221,1
000030,20230222,1
000030,20230223,1
000030,20230224,1
000030,20230225,1
000031,20230208,1
000032,20230211,1
000032,20230218,1
000032,20230225,1
000033,20230304,1
000033,20230311,1
000033,20230318,1
000033,20230325,1
000034,20230212,1
000034,20230219,1
000034,20230226,1
000035,20230506,1
000036,20230501,1
000036,20230502,1
000036,20230503,1
000036,20230504,1
000036,20230505,1
000036,20230509,1
000037,20230327,1
000037,20230328,1
000037,20230329,1
000037,20230330,1
000037,20230331,1
000037,20230402,1
000037,20230403,1
000037,20230404,1
000037,20230405,1
000037,20230406,1
000037,20230407,1
000037,20230411,1
000037,20230412,1
000037,20230413,1
000037,20230414,1
000037,20230416,1
000037,20230417,1
000037,20230418,1
000037,20230419,1
000037,20230420,1
000037,20230421,1
000037,20230423,1
000037,20230424,1
000037,20230425,1
000037,20230426,1
000037,20230427,1
000037,20230428,1
000037,20230430,1
000038,20230401,1
000038,20230408,1
000038,20230415,1
000038,20230422,1
000038,20230429,1
000039,20230305,1
000039,20230312,1
000040,20230316,1
000040,20230317,1
000040,20230319,1
000040,20230320,1
000040,20230321,1
000040,20230322,1
000040,20230323,1
000040,20230324,1
000040,20230326,1
000041,20230227,1
000041,20230228,1
000041,20230301,1
000041,20230302,1
000041,20230303,1
000041,20230306,1
000041,20230307,1
000041,20230308,1
000041,20230309,1
000041,20230310,1
000041,20230313,1
000041,20230314,1
000041,20230315,1
000042,20230210,1
000042,20230213,1
000042,20230214,1
000042,20230215,1
000042,20230216,1
000042,20230217,1
000042,20230220,1
000042,20230221,1
000042,20230222,1
000042,20230223,1
000042,20230224,1
000042,20230227,1
000042,20230228,1
000042,20230301,1
000042,20230302,1
000042,20230303,1
000042,20230306,1
000042,20230307,1
000042,20230308,1
000042,20230309,1
000042,20230310,1
000042,20230313,1
000042,20230314,1
000042,20230315,1
000042,20230316,1
000042,20230317,1
000042,20230320,1
000042,20230321,1
000042,20230322,1
000042,20230323,1
000042,20230324,1
000043,20230327,1
000043,20230328,1
000043,20230329,1
000043,20230330,1
000043,20230331,1
000043,20230403,1
000043,20230404,1
000043,20230405,1
000043,20230406,1
000043,20230407,1
000043,20230411,1
000043,20230412,1
000043,20230413,1
000043,20230414,1
000043,20230417,1
000043,20230418,1
000043,20230419,1
000043,20230420,1
000043,20230421,1
000043,20230424,1
000043,20230425,1
000043,20230426,1
000043,20230427,1
000043,20230428,1
000044,20230305,1
000044,20230312,1
000044,20230319,1
000044,20230326,1
000044,20230402,1
000045,20230416,1
000045,20230423,1
000045,20230430,1
000046,20230501,1
000047,20230327,1
000047,20230328,1
000047,20230329,1
000047,20230330,1
000047,20230331,1
000048,20230227,1
000048,20230228,1
000048,20230301,1
000048,20230302,1
000048,20230306,1
000048,20230307,1
000048,20230308,1
000048,20230309,1
000048,20230310,1
000048,20230311,1
000048,20230312,1
000048,20230313,1
000048,20230314,1
000048,20230315,1
000048,20230316,1
000048,20230317,1
000048,20230318,1
000048,20230319,1
000048,20230320,1
000048,20230321,1
000048,20230322,1
000048,20230323,1
000048,20230324,1
000048,20230325,1
000048,20230326,1
000049,20230303,1
000049,20230304,1
000049,20230305,1
000050,20230401,1
000050,20230402,1
000050,20230403,1
000050,20230404,1
000050,20230405,1
000050,20230406,1
000050,20230407,1
000050,20230411,1
000050,20230412,1
000050,20230413,1
000050,20230414,1
000050,20230416,1
000050,20230417,1
000050,20230418,1
000050,20230419,1
000050,20230420,1
000050,20230421,1
000050,20230425,1
000050,20230426,1
000050,20230427,1
000050,20230428,1
000051,20230408,1
000051,20230415,1
000051,20230422,1
000051,20230423,1
000051,20230424,1
000051,20230429,1
000052,20230210,1
000052,20230212,1
000052,20230213,1
000052,20230214,1
000052,20230215,1
000052,20230216,1
000052,20230217,1
000052,20230221,1
000052,20230222,1
000052,20230223,1
000052,20230224,1
000053,20230211,1
000053,20230218,1
000053,20230219,1
000053,20230220,1
000053,20230225,1
000053,20230226,1
000054,20230501,1
000054,20230502,1
000054,20230503,1
000054,20230504,1
000054,20230509,1
000055,20230505,1
000055,20230506,1
000056,20230430,1
000057,20230303,1
000057,20230310,1
000058,20230317,1
000059,20230324,1
000060,20230313,1
000060,20230314,1
000060,20230315,1
000060,20230316,1
000061,20230320,1
000061,20230321,1
000061,20230322,1
000061,20230323,1
000062,20230227,1
000062,20230228,1
000062,20230301,1
000062,20230302,1
000062,20230306,1
000062,20230307,1
000062,20230308,1
000062,20230309,1
000063,20230227,1
000063,20230228,1
000063,20230301,1
000063,20230302,1
000063,20230306,1
000063,20230307,1
000063,20230308,1
000063,20230309,1
000063,20230313,1
000063,20230314,1
000063,20230315,1
000064,20230317,1
000064,20230324,1
000065,20230327,1
000065,20230328,1
000065,20230329,1
000065,20230330,1
000065,20230331,1
000065,20230401,1
000065,20230403,1
000065,20230404,1
000065,20230405,1
000065,20230406,1
000065,20230407,1
000065,20230411,1
000065,20230412,1
000065,20230413,1
000065,20230414,1
000065,20230415,1
000065,20230417,1
000065,20230418,1
000065,20230419,1
000065,20230420,1
000065,20230421,1
000065,20230422,1
000065,20230424,1
000065,20230425,1
000065,20230426,1
000065,20230427,1
000065,20230428,1
000065,20230429,1
000066,20230408,1
000067,20230502,1
000067,20230503,1
000067,20230504,1
000067,20230505,1
000068,20230506,1
000068,20230509,1
000069,20230304,1
000069,20230311,1
000070,20230316,1
000070,20230318,1
000070,20230320,1
000070,20230321,1
000070,20230322,1
000070,20230323,1
000070,20230325,1
000071,20230210,1
000071,20230217,1
000071,20230224,1
000072,20230213,1
000072,20230214,1
000072,20230215,1
000072,20230216,1
000072,20230220,1
000072,20230221,1
000072,20230222,1
000072,20230223,1
000073,20230212,1
000073,20230226,1
000074,20230211,1
000074,20230218,1
000074,20230219,1
000074,20230225,1
000075,20230304,1
000075,20230305,1
000075,20230311,1
000075,20230312,1
000075,20230318,1
000075,20230319,1
000075,20230325,1
000075,20230326,1
000076,20230405,1
000076,20230424,1
000076,20230425,1
000076,20230426,1
000076,20230427,1
000077,20230428,1
000078,20230501,1
000078,20230502,1
000078,20230503,1
000078,20230504,1
000078,20230505,1
000079,20230401,1
000079,20230402,1
000079,20230416,1
000079,20230430,1
000080,20230415,1
000080,20230422,1
000080,20230423,1
000080,20230429,1
000081,20230407,1
000081,20230421,1
000082,20230327,1
000082,20230328,1
000082,20230329,1
000082,20230330,1
000082,20230403,1
000082,20230404,1
000082,20230406,1
000082,20230408,1
000082,20230411,1
000082,20230412,1
000082,20230413,1
000082,20230417,1
000082,20230418,1
000082,20230419,1
000082,20230420,1
000083,20230331,1
000083,20230414,1
000084,20230509,1
000085,20230319,1
000085,20230326,1
000086,20230402,1
000086,20230416,1
000086,20230423,1
000086,20230430,1
000087,20230305,1
000087,20230312,1
000087,20230319,1
000087,20230326,1
000088,20230227,1
000089,20230320,1
000090,20230306,1
000091,20230331,1
000092,20230313,1
000093,20230316,1
000093,20230317,1
000093,20230321,1
000093,20230322,1
000093,20230323,1
000093,20230324,1
000094,20230228,1
000094,20230303,1
000094,20230309,1
000094,20230310,1
000095,20230314,1
000095,20230315,1
000096,20230301,1
000096,20230302,1
000096,20230307,1
000096,20230308,1
000097,20230210,1
000097,20230214,1
000097,20230215,1
000097,20230216,1
000097,20230217,1
000097,20230221,1
000097,20230222,1
000097,20230223,1
000097,20230224,1
000098,20230401,1
000098,20230415,1
000098,20230422,1
000098,20230429,1
000099,20230505,1
000099,20230509,1
000100,20230327,1
000100,20230328,1
000100,20230329,1
000100,20230330,1
000100,20230403,1
000100,20230404,1
000100,20230405,1
000100,20230406,1
000100,20230407,1
000100,20230411,1
000100,20230412,1
000100,20230413,1
000100,20230414,1
000100,20230417,1
000100,20230418,1
000100,20230419,1
000100,20230420,1
000100,20230421,1
000100,20230424,1
000100,20230425,1
000100,20230426,1
000100,20230427,1
000100,20230428,1
000101,20230502,1
000101,20230503,1
000101,20230504,1
000102,20230213,1
000102,20230220,1
000103,20230304,1
000103,20230305,1
000103,20230311,1
000103,20230312,1
000103,20230318,1
000103,20230319,1
000103,20230325,1
000104,20230404,1
000104,20230406,1
000105,20230403,1
000105,20230405,1
000105,20230411,1
000105,20230412,1
000105,20230413,1
000105,20230417,1
000105,20230418,1
000105,20230419,1
000105,20230420,1
000105,20230424,1
000105,20230425,1
000105,20230426,1
000105,20230427,1
000106,20230501,1
000106,20230502,1
000106,20230503,1
000106,20230504,1
000106,20230505,1
000106,20230508,1
000107,20230327,1
000107,20230328,1
000107,20230329,1
000107,20230330,1
000108,20230331,1
000108,20230407,1
000108,20230414,1
000108,20230421,1
000108,20230428,1
000109,20230211,1
000109,20230212,1
000109,20230218,1
000109,20230219,1
000109,20230225,1
000109,20230226,1
000110,20230401,1
000110,20230415,1
000110,20230416,1
000110,20230422,1
000110,20230423,1
000110,20230429,1
000110,20230430,1
000111,20230402,1
000112,20230326,1
000113,20230303,1
000114,20230310,1
000115,20230227,1
000115,20230228,1
000115,20230301,1
000115,20230306,1
000115,20230307,1
000115,20230308,1
000115,20230313,1
000115,20230314,1
000115,20230315,1
000115,20230316,1
000115,20230320,1
000115,20230321,1
000115,20230322,1
000115,20230323,1
000116,20230302,1
000116,20230309,1
000117,20230211,1
000117,20230225,1
000118,20230218,1
000119,20230304,1
000120,20230311,1
000120,20230318,1
000120,20230325,1
000121,20230401,1
000121,20230407,1
000121,20230414,1
000121,20230415,1
000121,20230428,1
000121,20230429,1
000122,20230422,1
000123,20230327,1
000123,20230328,1
000123,20230329,1
000123,20230330,1
000123,20230403,1
000123,20230404,1
000123,20230405,1
000123,20230406,1
000123,20230411,1
000123,20230412,1
000123,20230413,1
000123,20230417,1
000123,20230418,1
000123,20230419,1
000123,20230420,1
000123,20230424,1
000123,20230425,1
000123,20230426,1
000123,20230427,1
000124,20230421,1
000125,20230505,1
000126,20230301,1
000126,20230308,1
000127,20230227,1
000127,20230228,1
000127,20230302,1
000127,20230303,1
000127,20230305,1
000127,20230306,1
000127,20230307,1
000127,20230309,1
000127,20230310,1
000127,20230311,1
000127,20230312,1
000127,20230313,1
000127,20230314,1
000127,20230315,1
000127,20230316,1
000127,20230317,1
000127,20230318,1
000127,20230319,1
000127,20230320,1
000127,20230321,1
000127,20230322,1
000127,20230323,1
000127,20230324,1
000127,20230325,1
000127,20230326,1
000128,20230401,1
000128,20230407,1
000128,20230413,1
000128,20230414,1
000128,20230415,1
000128,20230420,1
000128,20230422,1
000128,20230427,1
000128,20230428,1
000128,20230430,1
000129,20230421,1
000129,20230429,1
000130,20230402,1
000130,20230403,1
000130,20230405,1
000130,20230410,1
000130,20230411,1
000130,20230412,1
000130,20230416,1
000130,20230417,1
000130,20230418,1
000130,20230419,1
000130,20230423,1
000130,20230424,1
000130,20230425,1
000130,20230426,1
000131,20230327,1
000131,20230328,1
000131,20230329,1
000131,20230404,1
000132,20230210,1
000132,20230211,1
000132,20230212,1
000132,20230213,1
000132,20230214,1
000132,20230215,1
000132,20230216,1
000132,20230219,1
000132,20230220,1
000132,20230221,1
000132,20230222,1
000132,20230223,1
000132,20230224,1
000132,20230226,1
000133,20230217,1
000133,20230218,1
000133,20230225,1
000134,20230330,1
000134,20230406,1
000135,20230501,1
000135,20230502,1
000135,20230503,1
000135,20230504,1
000135,20230508,1
000136,20230212,1
000136,20230219,1
000136,20230226,1
000136,20230305,1
000136,20230312,1
000136,20230319,1
000136,20230326,1
000137,20230410,1
000137,20230508,1
000138,20230311,1
000138,20230312,1
000138,20230318,1
000138,20230319,1
000138,20230325,1
000138,20230326,1
000139,20230304,1
000139,20230305,1
000140,20230331,1
000140,20230401,1
000140,20230402,1
000140,20230407,1
000140,20230414,1
000140,20230415,1
000140,20230428,1
000141,20230416,1
000141,20230421,1
000141,20230422,1
000141,20230423,1
000141,20230429,1
000141,20230430,1
000142,20230410,1
000143,20230501,1
000143,20230502,1
000143,20230504,1
000143,20230509,1
000144,20230503,1
000144,20230505,1
000144,20230508,1
000145,20230211,1
000146,20230212,1
000146,20230218,1
000146,20230219,1
000146,20230225,1
000146,20230226,1
000147,20230210,1
000147,20230213,1
000147,20230214,1
000147,20230215,1
000147,20230216,1
000147,20230220,1
000147,20230221,1
000147,20230222,1
000147,20230223,1
000148,20230217,1
000148,20230224,1
000149,20230310,1
000149,20230317,1
000149,20230324,1
000150,20230322,1
000151,20230307,1
000152,20230308,1
000152,20230315,1
000153,20230301,1
000154,20230323,1
000155,20230227,1
000155,20230228,1
000155,20230306,1
000155,20230313,1
000155,20230314,1
000155,20230320,1
000155,20230321,1
000156,20230316,1
000157,20230305,1
000158,20230312,1
000158,20230319,1
000158,20230326,1
000159,20230211,1
000159,20230218,1
000159,20230225,1
000159,20230304,1
000159,20230311,1
000159,20230318,1
000159,20230325,1
000159,20230331,1
000159,20230407,1
000159,20230414,1
000159,20230421,1
000159,20230428,1
000160,20230327,1
000160,20230403,1
000161,20230328,1
000161,20230329,1
000161,20230330,1
000161,20230404,1
000161,20230405,1
000161,20230406,1
000161,20230411,1
000161,20230412,1
000161,20230413,1
000161,20230417,1
000161,20230418,1
000161,20230419,1
000161,20230420,1
000161,20230424,1
000161,20230425,1
000161,20230426,1
000161,20230427,1
000162,20230411,1
000162,20230412,1
000162,20230413,1
000162,20230414,1
000162,20230417,1
000162,20230418,1
000162,20230419,1
000162,20230420,1
000162,20230421,1
000163,20230401,1
000163,20230402,1
000163,20230415,1
000163,20230416,1
000163,20230422,1
000163,20230423,1
000163,20230429,1
000163,20230430,1
000164,20230327,1
000164,20230328,1
000164,20230329,1
000164,20230330,1
000164,20230331,1
000164,20230403,1
000164,20230404,1
000164,20230405,1
000164,20230406,1
000164,20230407,1
000165,20230227,1
000165,20230228,1
000165,20230301,1
000165,20230302,1
000165,20230303,1
000165,20230306,1
000165,20230307,1
000165,20230308,1
000165,20230309,1
000165,20230310,1
000165,20230313,1
000165,20230314,1
000165,20230315,1
000165,20230316,1
000165,20230317,1
000165,20230320,1
000165,20230321,1
000165,20230322,1
000165,20230323,1
000165,20230324,1
000166,20230424,1
000166,20230425,1
000166,20230426,1
000166,20230427,1
000166,20230428,1
000167,20230508,1
000168,20230501,1
000168,20230508,1
000169,20230401,1
000169,20230402,1
000169,20230410,1
000169,20230415,1
000169,20230416,1
000169,20230422,1
000169,20230423,1
000169,20230429,1
000169,20230430,1
000170,20230212,1
000170,20230218,1
000170,20230219,1
000170,20230226,1
000171,20230305,1
000171,20230311,1
000171,20230312,1
000171,20230318,1
000171,20230319,1
000171,20230325,1
000171,20230326,1
000172,20230227,1
000172,20230228,1
000172,20230306,1
000172,20230307,1
000172,20230308,1
000172,20230313,1
000172,20230314,1
000172,20230315,1
000172,20230320,1
000172,20230321,1
000172,20230322,1
000173,20230501,1
000173,20230502,1
000173,20230503,1
000173,20230504,1
000173,20230508,1
000173,20230509,1
000174,20230327,1
000174,20230328,1
000174,20230329,1
000174,20230330,1
000174,20230331,1
000174,20230401,1
000174,20230402,1
000174,20230403,1
000174,20230404,1
000174,20230405,1
000174,20230406,1
000174,20230407,1
000174,20230410,1
000174,20230411,1
000174,20230412,1
000174,20230413,1
000174,20230414,1
000174,20230416,1
000174,20230417,1
000174,20230418,1
000174,20230419,1
000174,20230420,1
000174,20230421,1
000174,20230422,1
000174,20230423,1
000174,20230424,1
000174,20230425,1
000174,20230426,1
000174,20230427,1
000174,20230428,1
000174,20230430,1
000175,20230415,1
000175,20230429,1
000176,20230210,1
000176,20230213,1
000176,20230214,1
000176,20230215,1
000176,20230216,1
000176,20230217,1
000176,20230220,1
000176,20230221,1
000176,20230222,1
000176,20230223,1
000176,20230224,1
000176,20230303,1
000176,20230310,1
000176,20230317,1
000176,20230324,1
000177,20230227,1
000177,20230228,1
000177,20230301,1
000177,20230302,1
000177,20230303,1
000177,20230306,1
000177,20230307,1
000177,20230308,1
000177,20230309,1
000177,20230310,1
000177,20230313,1
000177,20230314,1
000177,20230315,1
000177,20230316,1
000177,20230317,1
000177,20230320,1
000177,20230321,1
000177,20230322,1
000177,20230323,1
000177,20230324,1
000177,20230327,1
000177,20230328,1
000177,20230329,1
000177,20230330,1
000177,20230331,1
000177,20230403,1
000177,20230404,1
000177,20230405,1
000177,20230406,1
000177,20230407,1
000177,20230411,1
000177,20230412,1
000177,20230413,1
000177,20230414,1
000177,20230417,1
000177,20230418,1
000177,20230419,1
000177,20230420,1
000177,20230421,1
000177,20230424,1
000177,20230425,1
000177,20230426,1
000177,20230427,1
000177,20230428,1
000178,20230210,1
000178,20230212,1
000178,20230213,1
000178,20230214,1
000178,20230215,1
000178,20230216,1
000178,20230217,1
000178,20230219,1
000178,20230220,1
000178,20230221,1
000178,20230222,1
000178,20230223,1
000178,20230224,1
000178,20230226,1
000179,20230227,1
000179,20230228,1
000179,20230301,1
000179,20230302,1
000179,20230303,1
000179,20230305,1
000179,20230306,1
000179,20230307,1
000179,20230308,1
000179,20230309,1
000179,20230310,1
000179,20230312,1
000179,20230313,1
000179,20230314,1
000179,20230315,1
000179,20230316,1
000179,20230317,1
000179,20230319,1
000179,20230320,1
000179,20230321,1
000179,20230322,1
000179,20230323,1
000179,20230324,1
000179,20230326,1
000180,20230304,1
000180,20230311,1
000180,20230318,1
000180,20230325,1
000180,20230401,1
000180,20230415,1
000180,20230422,1
000180,20230429,1
000181,20230501,1
000181,20230502,1
000181,20230503,1
000181,20230504,1
000181,20230505,1
000181,20230508,1
000181,20230509,1
000182,20230327,1
000182,20230328,1
000182,20230329,1
000182,20230330,1
000182,20230331,1
000182,20230403,1
000182,20230404,1
000182,20230405,1
000182,20230406,1
000182,20230407,1
000182,20230410,1
000182,20230411,1
000182,20230412,1
000182,20230413,1
000182,20230414,1
000182,20230417,1
000182,20230418,1
000182,20230419,1
000182,20230420,1
000182,20230421,1
000182,20230424,1
000182,20230425,1
000182,20230426,1
000182,20230427,1
000182,20230428,1
000183,20230304,1
000183,20230305,1
000183,20230311,1
000183,20230312,1
000183,20230318,1
000183,20230319,1
000183,20230325,1
000183,20230326,1
000183,20230401,1
000183,20230402,1
000183,20230415,1
000183,20230416,1
000183,20230422,1
000183,20230423,1
000183,20230429,1
000183,20230430,1
000184,20230227,1
000184,20230228,1
000184,20230301,1
000184,20230302,1
000184,20230303,1
000184,20230306,1
000184,20230307,1
000184,20230308,1
000184,20230309,1
000184,20230310,1
000184,20230313,1
000184,20230314,1
000184,20230315,1
000184,20230316,1
000184,20230317,1
000184,20230320,1
000184,20230321,1
000184,20230322,1
000184,20230323,1
000184,20230324,1
000184,20230327,1
000184,20230328,1
000184,20230329,1
000184,20230330,1
000184,20230331,1
000184,20230403,1
000184,20230404,1
000184,20230405,1
000184,20230406,1
000184,20230407,1
000184,20230410,1
000184,20230411,1
000184,20230412,1
000184,20230413,1
000184,20230414,1
000184,20230417,1
000184,20230418,1
000184,20230419,1
000184,20230420,1
000184,20230421,1
000184,20230424,1
000184,20230425,1
000184,20230426,1
000184,20230427,1
000184,20230428,1
000185,20230227,1
000185,20230228,1
000185,20230301,1
000185,20230302,1
000185,20230303,1
000185,20230304,1
000185,20230305,1
000185,20230306,1
000185,20230307,1
000185,20230308,1
000185,20230309,1
000185,20230310,1
000185,20230311,1
000185,20230312,1
000185,20230313,1
000185,20230314,1
000185,20230315,1
000185,20230316,1
000185,20230317,1
000185,20230318,1
000185,20230319,1
000185,20230320,1
000185,20230321,1
000185,20230322,1
000185,20230323,1
000185,20230324,1
000185,20230325,1
000185,20230326,1
000186,20230210,1
000186,20230211,1
000186,20230212,1
000186,20230213,1
000186,20230214,1
000186,20230215,1
000186,20230216,1
000186,20230217,1
000186,20230218,1
000186,20230219,1
000186,20230220,1
000186,20230221,1
000186,20230222,1
000186,20230223,1
000186,20230224,1
000186,20230225,1
000186,20230226,1
000187,20230327,1
000187,20230328,1
000187,20230329,1
000187,20230330,1
000187,20230331,1
000187,20230401,1
000187,20230402,1
000187,20230403,1
000187,20230404,1
000187,20230405,1
000187,20230406,1
000187,20230407,1
000187,20230410,1
000187,20230414,1
000187,20230415,1
000187,20230416,1
000187,20230421,1
000187,20230422,1
000187,20230423,1
000187,20230425,1
000187,20230426,1
000187,20230427,1
000187,20230428,1
000187,20230429,1
000187,20230430,1
000188,20230502,1
000188,20230503,1
000188,20230504,1
000188,20230509,1
000189,20230411,1
000189,20230412,1
000189,20230413,1
000189,20230417,1
000189,20230418,1
000189,20230419,1
000189,20230420,1
000189,20230424,1
000190,20230213,1
000190,20230214,1
000190,20230215,1
000190,20230216,1
000191,20230306,1
000191,20230307,1
000191,20230308,1
000191,20230309,1
000191,20230313,1
000191,20230314,1
000192,20230315,1
000192,20230316,1
000192,20230320,1
000192,20230321,1
000192,20230322,1
000192,20230323,1
000192,20230327,1
000192,20230328,1
000192,20230329,1
000192,20230330,1
000193,20230210,1
000193,20230217,1
000193,20230220,1
000193,20230221,1
000193,20230222,1
000193,20230223,1
000193,20230224,1
000194,20230227,1
000194,20230228,1
000194,20230301,1
000194,20230302,1
000194,20230303,1
000194,20230310,1
000194,20230317,1
000194,20230324,1
000194,20230331,1
000195,20230213,1
000195,20230214,1
000195,20230215,1
000195,20230216,1
000195,20230306,1
000195,20230307,1
000195,20230308,1
000195,20230309,1
000195,20230313,1
000195,20230314,1
000195,20230315,1
000195,20230316,1
000195,20230320,1
000195,20230321,1
000195,20230322,1
000195,20230323,1
000195,20230327,1
000195,20230328,1
000195,20230329,1
000195,20230330,1
000196,20230212,1
000196,20230218,1
000196,20230219,1
000196,20230225,1
000196,20230226,1
000196,20230305,1
000197,20230210,1
000197,20230217,1
000197,20230220,1
000197,20230221,1
000197,20230222,1
000197,20230223,1
000197,20230224,1
000197,20230227,1
000197,20230228,1
000197,20230301,1
000197,20230302,1
000197,20230303,1
000197,20230310,1
000198,20230429,1
000199,20230414,1
000200,20230416,1
000201,20230503,1
000202,20230502,1
000203,20230425,1
000204,20230427,1
000205,20230426,1
000206,20230423,1
000207,20230407,1
000208,20230406,1
000209,20230412,1
000210,20230403,1
000211,20230413,1
000212,20230411,1
000213,20230404,1
000214,20230419,1
000215,20230420,1
000216,20230418,1
000217,20230405,1
000218,20230402,1
000218,20230416,1
000218,20230430,1
000219,20230411,1
000219,20230412,1
000219,20230414,1
000220,20230403,1
000220,20230404,1
000220,20230405,1
000220,20230406,1
000220,20230407,1
000220,20230417,1
000220,20230418,1
000220,20230419,1
000220,20230420,1
000220,20230421,1
000220,20230424,1
000220,20230425,1
000220,20230426,1
000220,20230427,1
000220,20230428,1
000220,20230509,1
000221,20230415,1
000222,20230401,1
000223,20230403,1
000223,20230404,1
000223,20230405,1
000223,20230406,1
000223,20230407,1
000223,20230410,1
000223,20230411,1
000223,20230412,1
000223,20230413,1
000223,20230414,1
000223,20230417,1
000223,20230418,1
000223,20230419,1
000223,20230420,1
000223,20230421,1
000223,20230424,1
000223,20230425,1
000223,20230426,1
000223,20230427,1
000223,20230428,1
000223,20230501,1
000223,20230502,1
000223,20230503,1
000223,20230504,1
000223,20230505,1
000223,20230508,1
000223,20230509,1
000224,20230401,1
000224,20230402,1
000224,20230415,1
000224,20230422,1
000224,20230423,1
000224,20230429,1
000225,20230424,1
000225,20230425,1
000225,20230426,1
000226,20230331,1
000226,20230403,1
000226,20230404,1
000226,20230405,1
000226,20230406,1
000226,20230407,1
000226,20230410,1
000226,20230411,1
000226,20230412,1
000226,20230413,1
000226,20230414,1
000226,20230417,1
000226,20230418,1
000226,20230419,1
000226,20230420,1
000226,20230421,1
000226,20230427,1
000226,20230428,1
000226,20230501,1
000226,20230502,1
000226,20230503,1
000226,20230504,1
000226,20230505,1
000226,20230508,1
000226,20230509,1
000227,20230311,1
000228,20230318,1
000229,20230325,1
000230,20230225,1
000231,20230212,1
000232,20230219,1
000233,20230226,1
000234,20230319,1
000235,20230312,1
000236,20230210,1
000237,20230217,1
000238,20230224,1
000239,20230302,1
000240,20230223,1
000241,20230220,1
000242,20230222,1
000243,20230216,1
000244,20230221,1
000245,20230213,1
000246,20230215,1
000247,20230214,1
000248,20230228,1
000249,20230210,1
000249,20230211,1
000249,20230212,1
000249,20230213,1
000249,20230214,1
000249,20230215,1
000249,20230216,1
000249,20230217,1
000249,20230218,1
000249,20230219,1
000249,20230220,1
000249,20230221,1
000249,20230222,1
000249,20230223,1
000249,20230224,1
000249,20230225,1
000249,20230226,1
000249,20230227,1
000249,20230228,1
000249,20230301,1
000249,20230302,1
000249,20230303,1
000249,20230304,1
000249,20230305,1
000249,20230306,1
000249,20230307,1
000249,20230308,1
000249,20230309,1
000249,20230310,1
000249,20230311,1
000249,20230312,1
000249,20230313,1
000249,20230314,1
000249,20230315,1
000249,20230316,1
000249,20230317,1
000249,20230318,1
000249,20230319,1
000249,20230320,1
000249,20230321,1
000249,20230322,1
000249,20230323,1
000249,20230324,1
000249,20230325,1
000249,20230326,1
000249,20230327,1
000249,20230328,1
000249,20230329,1
000249,20230330,1
000249,20230331,1
000249,20230401,1
000249,20230402,1
000249,20230403,1
000249,20230404,1
000249,20230405,1
000249,20230406,1
000249,20230407,1
000249,20230408,1
000249,20230409,1
000249,20230410,1
000249,20230411,1
000249,20230412,1
000249,20230413,1
000249,20230414,1
000249,20230415,1
000249,20230416,1
000249,20230417,1
000249,20230418,1
000249,20230419,1
000249,20230420,1
000249,20230421,1
000249,20230422,1
000249,20230423,1
000249,20230424,1
000249,20230425,1
000249,20230426,1
000249,20230427,1
000249,20230428,1
000249,20230429,1
000249,20230430,1
000250,20230501,1
000250,20230502,1
000250,20230503,1
000250,20230504,1
000250,20230505,1
000250,20230506,1
000250,20230507,1
000250,20230508,1
000250,20230509,1
000251,20230210,1
000251,20230212,1
000251,20230213,1
000251,20230214,1
000251,20230215,1
000251,20230216,1
000251,20230217,1
000251,20230219,1
000251,20230220,1
000251,20230221,1
000251,20230222,1
000251,20230223,1
000251,20230224,1
000251,20230225,1
000251,20230226,1
000251,20230227,1
000251,20230228,1
000251,20230301,1
000251,20230302,1
000251,20230303,1
000251,20230304,1
000251,20230305,1
000251,20230306,1
000251,20230307,1
000251,20230308,1
000251,20230309,1
000251,20230310,1
000251,20230311,1
000251,20230312,1
000251,20230313,1
000251,20230314,1
000251,20230315,1
000251,20230316,1
000251,20230317,1
000251,20230318,1
000251,20230319,1
000251,20230320,1
000251,20230321,1
000251,20230322,1
000251,20230323,1
000251,20230324,1
000251,20230325,1
000251,20230326,1
000251,20230327,1
000251,20230328,1
000251,20230329,1
000251,20230330,1
000251,20230331,1
000251,20230401,1
000251,20230402,1
000251,20230403,1
000251,20230404,1
000251,20230405,1
000251,20230406,1
000251,20230407,1
000251,20230408,1
000251,20230409,1
000251,20230410,1
000251,20230411,1
000251,20230412,1
000251,20230413,1
000251,20230414,1
000251,20230416,1
000251,20230417,1
000251,20230418,1
000251,20230419,1
000251,20230420,1
000251,20230421,1
000251,20230423,1
000251,20230424,1
000251,20230425,1
000251,20230426,1
000251,20230427,1
000251,20230428,1
000251,20230429,1
000251,20230430,1
000251,20230501,1
000251,20230502,1
000251,20230503,1
000251,20230504,1
000251,20230505,1
000251,20230506,1
000251,20230507,1
000251,20230508,1
000251,20230509,1
000252,20230211,1
000252,20230218,1
000252,20230415,1
000252,20230422,1
000253,20230327,1
000253,20230328,1
000253,20230329,1
000253,20230330,1
000253,20230331,1
000253,20230401,1
000253,20230402,1
000253,20230403,1
000253,20230404,1
000253,20230405,1
000253,20230406,1
000253,20230407,1
000253,20230408,1
000253,20230409,1
000253,20230410,1
000253,20230411,1
000253,20230412,1
000253,20230413,1
000253,20230414,1
000253,20230415,1
000253,20230416,1
000253,20230417,1
000253,20230418,1
000253,20230419,1
000253,20230420,1
000253,20230421,1
000253,20230422,1
000253,20230423,1
000254,20230210,1
000254,20230211,1
000254,20230212,1
000254,20230213,1
000254,20230214,1
000254,20230215,1
000254,20230216,1
000254,20230217,1
000254,20230218,1
000254,20230219,1
000254,20230220,1
000254,20230221,1
000254,20230222,1
000254,20230223,1
000254,20230224,1
000254,20230225,1
000254,20230226,1
000254,20230227,1
000254,20230228,1
000254,20230301,1
000254,20230302,1
000254,20230303,1
000254,20230304,1
000254,20230305,1
000254,20230306,1
000254,20230307,1
000254,20230308,1
000254,20230309,1
000254,20230310,1
000254,20230311,1
000254,20230312,1
000254,20230313,1
000254,20230314,1
000254,20230315,1
000254,20230316,1
000254,20230317,1
000254,20230318,1
000254,20230319,1
000254,20230320,1
000254,20230321,1
000254,20230322,1
000254,20230323,1
000254,20230324,1
000254,20230325,1
000254,20230326,1
000254,20230424,1
000254,20230425,1
000254,20230426,1
000254,20230427,1
000254,20230428,1
000254,20230429,1
000254,20230430,1
000254,20230501,1
000254,20230502,1
000254,20230503,1
000254,20230504,1
000254,20230505,1
000254,20230506,1
000254,20230507,1
000254,20230508,1
000254,20230509,1
000255,20230327,1
000255,20230328,1
000255,20230329,1
000255,20230330,1
000255,20230331,1
000255,20230401,1
000255,20230402,1
000255,20230403,1
000255,20230404,1
000255,20230405,1
000255,20230406,1
000255,20230407,1
000255,20230409,1
000255,20230410,1
000255,20230411,1
000255,20230412,1
000255,20230413,1
000255,20230414,1
000255,20230415,1
000255,20230417,1
000255,20230418,1
000255,20230419,1
000255,20230420,1
000255,20230421,1
000255,20230422,1
000256,20230408,1
000256,20230416,1
000256,20230423,1
000257,20230210,1
000257,20230211,1
000257,20230213,1
000257,20230214,1
000257,20230215,1
000257,20230216,1
000257,20230217,1
000257,20230218,1
000257,20230220,1
000257,20230221,1
000257,20230222,1
000257,20230223,1
000257,20230224,1
000257,20230226,1
000257,20230227,1
000257,20230228,1
000257,20230301,1
000257,20230302,1
000257,20230303,1
000257,20230304,1
000257,20230305,1
000257,20230306,1
000257,20230307,1
000257,20230308,1
000257,20230309,1
000257,20230310,1
000257,20230311,1
000257,20230312,1
000257,20230313,1
000257,20230314,1
000257,20230315,1
000257,20230316,1
000257,20230317,1
000257,20230318,1
000257,20230319,1
000257,20230320,1
000257,20230321,1
000257,20230322,1
000257,20230323,1
000257,20230324,1
000257,20230325,1
000257,20230326,1
000257,20230424,1
000257,20230425,1
000257,20230426,1
000257,20230427,1
000257,20230428,1
000257,20230430,1
000257,20230501,1
000257,20230502,1
000257,20230503,1
000257,20230504,1
000257,20230505,1
000257,20230506,1
000257,20230507,1
000257,20230508,1
000257,20230509,1
000258,20230212,1
000258,20230219,1
000258,20230225,1
000258,20230429,1
000259,20230314,1
000260,20230308,1
000261,20230309,1
000262,20230330,1
000263,20230315,1
000264,20230321,1
000265,20230329,1
000266,20230328,1
000267,20230327,1
000268,20230208,1
000268,20230209,1
000268,20230210,1
000269,20230401,1
000269,20230402,1
000269,20230408,1
000269,20230411,1
000269,20230412,1
000269,20230413,1
000269,20230414,1
000269,20230415,1
000269,20230416,1
000269,20230417,1
000269,20230418,1
000269,20230419,1
000269,20230420,1
000269,20230421,1
000269,20230422,1
000269,20230423,1
000269,20230424,1
000269,20230425,1
000269,20230426,1
000269,20230427,1
000269,20230428,1
000269,20230429,1
000269,20230430,1
000269,20230501,1
000269,20230502,1
000269,20230503,1
000269,20230504,1
000269,20230505,1
000269,20230506,1
000269,20230509,1
000270,20230313,1
000270,20230314,1
000270,20230315,1
000270,20230316,1
000270,20230317,1
000271,20230321,1
000271,20230322,1
000271,20230323,1
000271,20230324,1
000271,20230328,1
000271,20230329,1
000271,20230330,1
000271,20230331,1
000271,20230403,1
000271,20230404,1
000271,20230405,1
000271,20230406,1
000271,20230407,1
000272,20230227,1
000272,20230228,1
000272,20230301,1
000272,20230302,1
000272,20230303,1
000272,20230304,1
000272,20230305,1
000272,20230306,1
000272,20230307,1
000272,20230308,1
000272,20230309,1
000272,20230310,1
000272,20230311,1
000272,20230312,1
000272,20230313,1
000272,20230314,1
000272,20230315,1
000272,20230316,1
000272,20230317,1
000272,20230318,1
000272,20230319,1
000272,20230320,1
000272,20230321,1
000272,20230322,1
000272,20230323,1
000272,20230324,1
000272,20230325,1
000272,20230326,1
000272,20230327,1
000272,20230328,1
000272,20230329,1
000272,20230330,1
000272,20230331,1
000272,20230401,1
000272,20230402,1
000272,20230403,1
000272,20230404,1
000272,20230405,1
000272,20230406,1
000272,20230407,1
000272,20230410,1
000272,20230411,1
000272,20230412,1
000272,20230413,1
000272,20230414,1
000272,20230415,1
000272,20230416,1
000272,20230417,1
000272,20230418,1
000272,20230419,1
000272,20230420,1
000272,20230421,1
000272,20230422,1
000272,20230423,1
000272,20230424,1
000272,20230425,1
000272,20230426,1
000272,20230427,1
000272,20230428,1
000272,20230429,1
000272,20230430,1
000272,20230501,1
000272,20230502,1
000272,20230503,1
000272,20230504,1
000272,20230505,1
000272,20230508,1
000272,20230509,1
000273,20230208,1
000273,20230209,1
000273,20230210,1
000273,20230212,1
000273,20230213,1
000273,20230214,1
000273,20230215,1
000273,20230216,1
000273,20230217,1
000273,20230218,1
000273,20230219,1
000273,20230220,1
000273,20230221,1
000273,20230222,1
000273,20230223,1
000273,20230224,1
000273,20230225,1
000273,20230226,1
000274,20230304,1
000274,20230305,1
000274,20230311,1
000274,20230318,1
000274,20230319,1
000275,20230325,1
000275,20230326,1
000275,20230401,1
000275,20230402,1
000275,20230415,1
000275,20230416,1
000275,20230422,1
000275,20230423,1
000275,20230429,1
000275,20230430,1
000275,20230501,1
000276,20230209,1
000276,20230210,1
000277,20230314,1
000277,20230316,1
000278,20230315,1
000278,20230317,1
000279,20230320,1
000279,20230321,1
000279,20230323,1
000279,20230324,1
000280,20230414,1
000280,20230417,1
000280,20230419,1
000280,20230420,1
000280,20230421,1
000281,20230313,1
000281,20230314,1
000281,20230315,1
000281,20230316,1
000281,20230317,1
000281,20230321,1
000281,20230322,1
000281,20230323,1
000281,20230324,1
000281,20230327,1
000281,20230328,1
000281,20230329,1
000281,20230330,1
000281,20230331,1
000281,20230403,1
000281,20230404,1
000281,20230405,1
000281,20230406,1
000281,20230407,1
000281,20230410,1
000281,20230411,1
000281,20230412,1
000281,20230413,1
000281,20230414,1
000281,20230417,1
000281,20230418,1
000281,20230419,1
000281,20230420,1
000281,20230421,1
000281,20230424,1
000281,20230425,1
000281,20230426,1
000281,20230427,1
000281,20230428,1
000281,20230429,1
000281,20230430,1
000281,20230501,1
000281,20230502,1
000281,20230503,1
000281,20230504,1
000281,20230505,1
000281,20230508,1
000281,20230509,1
000282,20230208,1
000282,20230209,1
000282,20230210,1
000282,20230211,1
000282,20230212,1
000283,20230218,1
000283,20230219,1
000284,20230415,1
000284,20230416,1
000285,20230227,1
000285,20230228,1
000285,20230301,1
000285,20230302,1
000285,20230303,1
000285,20230304,1
000285,20230306,1
000285,20230307,1
000285,20230308,1
000285,20230309,1
000285,20230310,1
000285,20230311,1
000285,20230313,1
000285,20230314,1
000285,20230315,1
000285,20230316,1
000285,20230317,1
000285,20230318,1
000285,20230320,1
000285,20230321,1
000285,20230322,1
000285,20230323,1
000285,20230324,1
000285,20230325,1
000285,20230327,1
000285,20230328,1
000285,20230329,1
000285,20230330,1
000285,20230331,1
000285,20230401,1
000285,20230403,1
000285,20230404,1
000285,20230405,1
000285,20230406,1
000285,20230407,1
000285,20230410,1
000285,20230411,1
000285,20230412,1
000285,20230413,1
000285,20230414,1
000285,20230415,1
000285,20230417,1
000285,20230418,1
000285,20230419,1
000285,20230420,1
000285,20230421,1
000285,20230422,1
000285,20230424,1
000285,20230425,1
000285,20230426,1
000285,20230427,1
000285,20230428,1
000285,20230429,1
000285,20230501,1
000285,20230502,1
000285,20230503,1
000285,20230504,1
000285,20230505,1
000285,20230508,1
000285,20230509,1
000286,20230208,1
000286,20230209,1
000286,20230210,1
000286,20230211,1
000286,20230213,1
000286,20230214,1
000286,20230215,1
000286,20230216,1
000286,20230217,1
000286,20230218,1
000286,20230220,1
000286,20230221,1
000286,20230222,1
000286,20230223,1
000286,20230224,1
000286,20230225,1
000287,20230305,1
000287,20230312,1
000287,20230319,1
000287,20230326,1
000287,20230402,1
000287,20230416,1
000287,20230423,1
000287,20230430,1
000288,20230210,1
000288,20230211,1
000288,20230212,1
000288,20230218,1
000288,20230219,1
000289,20230225,1
000289,20230314,1
000289,20230315,1
000289,20230316,1
000289,20230317,1
000289,20230320,1
000289,20230321,1
000289,20230323,1
000289,20230324,1
000289,20230331,1
000289,20230407,1
000289,20230411,1
000289,20230414,1
000289,20230415,1
000289,20230416,1
000289,20230417,1
000289,20230418,1
000289,20230419,1
000289,20230420,1
000289,20230421,1
000289,20230425,1
000289,20230426,1
000289,20230427,1
000289,20230428,1
000289,20230429,1
000289,20230430,1
000290,20230401,1
000290,20230422,1
000291,20230313,1
000291,20230314,1
000291,20230315,1
000291,20230316,1
000291,20230317,1
000291,20230320,1
000291,20230321,1
000291,20230322,1
000291,20230323,1
000291,20230324,1
000292,20230211,1
000292,20230212,1
000292,20230218,1
000292,20230219,1
000292,20230220,1
000292,20230221,1
000292,20230222,1
000292,20230223,1
000292,20230224,1
000292,20230225,1
000292,20230226,1
000292,20230227,1
000292,20230228,1
000292,20230301,1
000292,20230302,1
000292,20230303,1
000292,20230304,1
000292,20230305,1
000292,20230306,1
000292,20230307,1
000292,20230308,1
000292,20230309,1
000292,20230310,1
000293,20230327,1
000293,20230328,1
000293,20230329,1
000293,20230330,1
000293,20230331,1
000293,20230401,1
000293,20230402,1
000293,20230403,1
000293,20230404,1
000293,20230405,1
000293,20230406,1
000293,20230407,1
000293,20230411,1
000293,20230412,1
000294,20230417,1
000294,20230418,1
000294,20230419,1
000294,20230420,1
000294,20230421,1
000294,20230424,1
000294,20230425,1
000294,20230426,1
000294,20230427,1
000294,20230428,1
000294,20230429,1
000294,20230430,1
000294,20230501,1
000294,20230502,1
000294,20230503,1
000294,20230504,1
000294,20230505,1
000294,20230509,1
000295,20230422,1
000295,20230423,1
000296,20230210,1
000296,20230213,1
000296,20230214,1
000296,20230215,1
000296,20230216,1
000296,20230217,1
000297,20230413,1
000297,20230414,1
000297,20230415,1
000297,20230416,1
000298,20230311,1
000298,20230312,1
000298,20230318,1
000298,20230319,1
000298,20230326,1
000299,20230306,1
000299,20230307,1
000299,20230308,1
000299,20230309,1
000299,20230310,1
000299,20230311,1
000299,20230312,1
000299,20230313,1
000299,20230314,1
000299,20230315,1
000299,20230316,1
000299,20230317,1
000299,20230318,1
000299,20230319,1
000299,20230320,1
000299,20230321,1
000299,20230322,1
000299,20230323,1
000299,20230324,1
000299,20230326,1
000300,20230227,1
000300,20230228,1
000300,20230301,1
000300,20230302,1
000300,20230303,1
000300,20230304,1
000300,20230305,1
000301,20230327,1
000301,20230328,1
000301,20230329,1
000301,20230330,1
000301,20230331,1
000301,20230403,1
000301,20230404,1
000301,20230405,1
000301,20230406,1
000301,20230407,1
000301,20230411,1
000301,20230412,1
000301,20230413,1
000301,20230414,1
000301,20230415,1
000301,20230416,1
000302,20230401,1
000302,20230402,1
000303,20230417,1
000303,20230418,1
000303,20230419,1
000303,20230420,1
000303,20230421,1
000303,20230424,1
000303,20230425,1
000303,20230426,1
000303,20230427,1
000303,20230428,1
000303,20230429,1
000303,20230430,1
000303,20230501,1
000303,20230502,1
000303,20230503,1
000303,20230504,1
000303,20230509,1
000304,20230417,1
000304,20230418,1
000304,20230419,1
000304,20230420,1
000304,20230421,1
000304,20230423,1
000304,20230424,1
000304,20230425,1
000304,20230426,1
000304,20230427,1
000304,20230428,1
000304,20230429,1
000304,20230430,1
000304,20230501,1
000304,20230502,1
000304,20230503,1
000304,20230504,1
000304,20230505,1
000304,20230508,1
000304,20230509,1
000305,20230327,1
000305,20230328,1
000305,20230329,1
000305,20230330,1
000305,20230331,1
000305,20230401,1
000305,20230402,1
000305,20230403,1
000305,20230404,1
000305,20230405,1
000305,20230406,1
000305,20230407,1
000305,20230410,1
000305,20230411,1
000305,20230412,1
000305,20230413,1
000305,20230414,1
000305,20230415,1
000305,20230416,1
000306,20230227,1
000306,20230228,1
000306,20230301,1
000306,20230302,1
000306,20230303,1
000306,20230304,1
000306,20230305,1
000306,20230306,1
000306,20230307,1
000306,20230308,1
000306,20230309,1
000306,20230310,1
000306,20230311,1
000306,20230312,1
000306,20230313,1
000306,20230314,1
000306,20230315,1
000306,20230316,1
000306,20230317,1
000306,20230318,1
000306,20230319,1
000306,20230320,1
000306,20230321,1
000306,20230322,1
000306,20230323,1
000306,20230324,1
000306,20230326,1
000306,20230327,1
000306,20230328,1
000306,20230329,1
000306,20230330,1
000306,20230331,1
000306,20230401,1
000306,20230402,1
000306,20230403,1
000306,20230404,1
000306,20230405,1
000306,20230406,1
000306,20230407,1
000306,20230411,1
000306,20230412,1
000306,20230413,1
000306,20230414,1
000306,20230415,1
000306,20230416,1
000306,20230417,1
000306,20230418,1
000306,20230419,1
000306,20230420,1
000306,20230421,1
000306,20230424,1
000306,20230425,1
000306,20230426,1
000306,20230427,1
000306,20230428,1
000306,20230429,1
000306,20230430,1
000306,20230501,1
000306,20230502,1
000306,20230503,1
000306,20230504,1
000306,20230505,1
000306,20230509,1
000307,20230220,1
000307,20230221,1
000307,20230222,1
000307,20230223,1
000308,20230210,1
000308,20230217,1
000309,20230211,1
000309,20230218,1
000310,20230227,1
000310,20230228,1
000310,20230301,1
000310,20230302,1
000310,20230306,1
000310,20230307,1
000310,20230308,1
000310,20230309,1
000310,20230313,1
000310,20230314,1
000310,20230315,1
000310,20230316,1
000311,20230303,1
000311,20230310,1
000311,20230317,1
000312,20230320,1
000312,20230321,1
000312,20230322,1
000312,20230323,1
000312,20230327,1
000312,20230328,1
000312,20230329,1
000312,20230330,1
000312,20230403,1
000312,20230404,1
000312,20230405,1
000312,20230406,1
000312,20230411,1
000312,20230412,1
000312,20230413,1
000312,20230417,1
000312,20230418,1
000312,20230419,1
000312,20230420,1
000312,20230424,1
000312,20230425,1
000312,20230426,1
000312,20230427,1
000312,20230502,1
000312,20230503,1
000312,20230504,1
000312,20230509,1
000313,20230324,1
000313,20230331,1
000313,20230407,1
000313,20230414,1
000313,20230421,1
000313,20230428,1
000313,20230505,1
000314,20230304,1
000314,20230311,1
000314,20230318,1
000314,20230401,1
000314,20230415,1
000314,20230429,1
000315,20230305,1
000315,20230312,1
000315,20230319,1
000315,20230326,1
000315,20230402,1
000315,20230416,1
000315,20230430,1
000316,20230227,1
000316,20230228,1
000316,20230301,1
000316,20230302,1
000316,20230303,1
000316,20230304,1
000316,20230305,1
000316,20230306,1
000316,20230307,1
000316,20230308,1
000316,20230309,1
000316,20230310,1
000316,20230311,1
000316,20230312,1
000316,20230313,1
000316,20230314,1
000316,20230315,1
000316,20230316,1
000316,20230317,1
000316,20230318,1
000316,20230319,1
000317,20230326,1
000317,20230401,1
000317,20230402,1
000317,20230415,1
000317,20230416,1
000317,20230423,1
000317,20230429,1
000317,20230430,1
000318,20230320,1
000318,20230321,1
000318,20230322,1
000318,20230323,1
000318,20230324,1
000318,20230327,1
000318,20230328,1
000318,20230329,1
000318,20230330,1
000318,20230331,1
000318,20230403,1
000318,20230404,1
000318,20230405,1
000318,20230406,1
000318,20230407,1
000318,20230410,1
000318,20230411,1
000318,20230412,1
000318,20230413,1
000318,20230414,1
000318,20230417,1
000318,20230418,1
000318,20230419,1
000318,20230420,1
000318,20230421,1
000318,20230424,1
000318,20230425,1
000318,20230426,1
000318,20230427,1
000318,20230428,1
000318,20230501,1
000318,20230502,1
000318,20230503,1
000318,20230504,1
000318,20230505,1
000318,20230508,1
000318,20230509,1
000319,20230404,1
000319,20230405,1
000319,20230406,1
000319,20230411,1
000319,20230412,1
000319,20230413,1
000319,20230418,1
000319,20230419,1
000319,20230420,1
000319,20230425,1
000319,20230426,1
000319,20230427,1
000319,20230502,1
000319,20230503,1
000319,20230504,1
000319,20230509,1
000320,20230314,1
000320,20230315,1
000320,20230316,1
000320,20230321,1
000320,20230322,1
000320,20230323,1
000321,20230313,1
000321,20230317,1
000321,20230320,1
000321,20230324,1
000322,20230216,1
000322,20230221,1
000322,20230222,1
000322,20230223,1
000322,20230228,1
000322,20230301,1
000322,20230302,1
000322,20230307,1
000322,20230308,1
000322,20230309,1
000322,20230328,1
000322,20230329,1
000322,20230330,1
000323,20230213,1
000323,20230217,1
000323,20230220,1
000323,20230224,1
000323,20230227,1
000323,20230303,1
000323,20230306,1
000323,20230310,1
000323,20230327,1
000323,20230331,1
000324,20230403,1
000324,20230407,1
000324,20230414,1
000324,20230417,1
000324,20230421,1
000324,20230424,1
000324,20230428,1
000324,20230505,1
000325,20230306,1
000325,20230307,1
000325,20230308,1
000325,20230309,1
000325,20230310,1
000325,20230311,1
000325,20230312,1
000326,20230313,1
000326,20230314,1
000326,20230315,1
000326,20230316,1
000326,20230317,1
000326,20230318,1
000326,20230319,1
000326,20230320,1
000326,20230321,1
000326,20230322,1
000326,20230323,1
000326,20230324,1
000326,20230325,1
000326,20230326,1
000327,20230409,1
000327,20230507,1
000327,20230508,1
000328,20230227,1
000328,20230228,1
000328,20230301,1
000328,20230302,1
000328,20230303,1
000328,20230304,1
000328,20230305,1
000328,20230327,1
000328,20230328,1
000328,20230329,1
000328,20230330,1
000328,20230331,1
000328,20230401,1
000328,20230402,1
000328,20230403,1
000328,20230404,1
000328,20230405,1
000328,20230406,1
000328,20230407,1
000328,20230411,1
000328,20230412,1
000328,20230413,1
000328,20230414,1
000328,20230415,1
000328,20230416,1
000328,20230417,1
000328,20230418,1
000328,20230419,1
000328,20230420,1
000328,20230421,1
000328,20230422,1
000328,20230423,1
000328,20230424,1
000328,20230425,1
000328,20230426,1
000328,20230427,1
000328,20230428,1
000328,20230429,1
000328,20230430,1
000328,20230501,1
000328,20230502,1
000328,20230503,1
000328,20230504,1
000328,20230505,1
000328,20230506,1
000328,20230509,1
000329,20230213,1
000329,20230214,1
000329,20230221,1
000330,20230212,1
000330,20230216,1
000330,20230217,1
000330,20230223,1
000330,20230224,1
000331,20230211,1
000331,20230218,1
000331,20230219,1
000331,20230225,1
000331,20230226,1
000332,20230313,1
000332,20230314,1
000332,20230320,1
000332,20230321,1
000333,20230316,1
000333,20230317,1
000333,20230318,1
000333,20230319,1
000333,20230323,1
000333,20230324,1
000333,20230325,1
000333,20230326,1
000334,20230215,1
000334,20230222,1
000335,20230227,1
000335,20230228,1
000335,20230301,1
000335,20230306,1
000335,20230307,1
000335,20230308,1
000335,20230327,1
000335,20230328,1
000335,20230329,1
000335,20230403,1
000335,20230404,1
000335,20230405,1
000335,20230411,1
000335,20230412,1
000335,20230417,1
000335,20230418,1
000335,20230419,1
000335,20230425,1
000335,20230426,1
000335,20230501,1
000335,20230502,1
000335,20230503,1
000335,20230508,1
000335,20230509,1
000336,20230315,1
000336,20230322,1
000337,20230302,1
000337,20230303,1
000337,20230304,1
000337,20230309,1
000337,20230310,1
000337,20230311,1
000337,20230312,1
000337,20230330,1
000337,20230331,1
000337,20230401,1
000337,20230402,1
000337,20230406,1
000337,20230407,1
000337,20230413,1
000337,20230414,1
000337,20230420,1
000337,20230421,1
000337,20230427,1
000337,20230428,1
000337,20230504,1
000337,20230505,1
000337,20230506,1
000338,20230305,1
000338,20230408,1
000338,20230415,1
000338,20230416,1
000338,20230422,1
000338,20230423,1
000338,20230429,1
000338,20230430,1
000339,20230318,1
000339,20230319,1
000339,20230325,1
000339,20230326,1
000340,20230409,1
000340,20230507,1
000341,20230227,1
000341,20230228,1
000341,20230302,1
000341,20230303,1
000341,20230311,1
000341,20230312,1
000341,20230401,1
000341,20230402,1
000341,20230403,1
000341,20230404,1
000341,20230405,1
000341,20230406,1
000341,20230407,1
000341,20230411,1
000341,20230412,1
000341,20230413,1
000341,20230414,1
000341,20230417,1
000341,20230418,1
000341,20230419,1
000341,20230420,1
000341,20230421,1
000341,20230425,1
000341,20230426,1
000341,20230427,1
000341,20230428,1
000341,20230501,1
000341,20230502,1
000341,20230503,1
000341,20230504,1
000341,20230505,1
000341,20230508,1
000341,20230509,1
000342,20230301,1
000342,20230304,1
000342,20230305,1
000342,20230410,1
000342,20230415,1
000342,20230416,1
000342,20230422,1
000342,20230423,1
000342,20230424,1
000342,20230429,1
000342,20230430,1
000343,20230210,1
000343,20230213,1
000343,20230214,1
000343,20230215,1
000343,20230216,1
000343,20230217,1
000343,20230221,1
000343,20230222,1
000343,20230223,1
000343,20230224,1
000344,20230211,1
000344,20230212,1
000344,20230218,1
000344,20230219,1
000344,20230220,1
000344,20230225,1
000344,20230226,1
000345,20230210,1
000345,20230211,1
000345,20230213,1
000345,20230214,1
000345,20230215,1
000345,20230216,1
000345,20230217,1
000345,20230220,1
000345,20230221,1
000345,20230222,1
000345,20230223,1
000345,20230226,1
000346,20230212,1
000346,20230218,1
000346,20230219,1
000346,20230224,1
000346,20230225,1
000347,20230306,1
000347,20230307,1
000347,20230308,1
000347,20230309,1
000347,20230310,1
000347,20230311,1
000347,20230312,1
000347,20230327,1
000347,20230328,1
000347,20230329,1
000347,20230330,1
000347,20230331,1
000347,20230401,1
000347,20230402,1
000347,20230403,1
000347,20230404,1
000347,20230405,1
000347,20230406,1
000347,20230407,1
000347,20230411,1
000347,20230412,1
000347,20230413,1
000347,20230414,1
000347,20230415,1
000347,20230417,1
000347,20230418,1
000347,20230419,1
000347,20230420,1
000347,20230421,1
000347,20230424,1
000347,20230425,1
000347,20230426,1
000347,20230427,1
000347,20230430,1
000347,20230501,1
000347,20230502,1
000347,20230503,1
000347,20230504,1
000347,20230508,1
000347,20230509,1
000348,20230410,1
000348,20230416,1
000348,20230422,1
000348,20230423,1
000348,20230428,1
000348,20230429,1
000348,20230505,1
000348,20230506,1
000349,20230227,1
000349,20230228,1
000349,20230301,1
000349,20230302,1
000349,20230305,1
000349,20230306,1
000349,20230307,1
000349,20230308,1
000349,20230309,1
000349,20230310,1
000349,20230311,1
000349,20230312,1
000349,20230327,1
000349,20230328,1
000349,20230329,1
000349,20230330,1
000349,20230331,1
000349,20230401,1
000349,20230402,1
000349,20230403,1
000349,20230404,1
000349,20230405,1
000349,20230406,1
000349,20230407,1
000349,20230411,1
000349,20230412,1
000349,20230413,1
000349,20230414,1
000349,20230416,1
000349,20230417,1
000349,20230418,1
000349,20230419,1
000349,20230420,1
000349,20230423,1
000349,20230424,1
000349,20230425,1
000349,20230426,1
000349,20230427,1
000349,20230428,1
000349,20230429,1
000349,20230501,1
000349,20230502,1
000349,20230504,1
000349,20230508,1
000349,20230509,1
000350,20230303,1
000350,20230304,1
000350,20230410,1
000350,20230415,1
000350,20230421,1
000350,20230422,1
000350,20230430,1
000350,20230503,1
000350,20230505,1
000351,20230408,1
000351,20230409,1
000351,20230506,1
000351,20230507,1
000352,20230210,1
000352,20230212,1
000352,20230213,1
000352,20230214,1
000352,20230215,1
000352,20230216,1
000352,20230220,1
000352,20230221,1
000352,20230222,1
000352,20230223,1
000352,20230224,1
000352,20230226,1
000353,20230211,1
000353,20230217,1
000353,20230218,1
000353,20230219,1
000353,20230225,1
000354,20230227,1
000354,20230228,1
000354,20230301,1
000354,20230302,1
000354,20230303,1
000354,20230304,1
000354,20230310,1
000354,20230311,1
000354,20230327,1
000354,20230328,1
000354,20230329,1
000354,20230330,1
000354,20230331,1
000354,20230401,1
000354,20230402,1
000354,20230403,1
000354,20230404,1
000354,20230405,1
000354,20230406,1
000354,20230407,1
000354,20230410,1
000354,20230415,1
000354,20230416,1
000354,20230422,1
000354,20230423,1
000354,20230429,1
000354,20230430,1
000355,20230317,1
000355,20230318,1
000355,20230324,1
000355,20230325,1
000355,20230326,1
000356,20230411,1
000356,20230412,1
000356,20230413,1
000356,20230414,1
000356,20230417,1
000356,20230418,1
000356,20230419,1
000356,20230424,1
000356,20230425,1
000356,20230426,1
000356,20230427,1
000356,20230428,1
000356,20230501,1
000356,20230502,1
000356,20230503,1
000356,20230504,1
000356,20230505,1
000356,20230508,1
000356,20230509,1
000357,20230420,1
000357,20230421,1
000358,20230210,1
000358,20230212,1
000358,20230216,1
000358,20230217,1
000358,20230219,1
000358,20230223,1
000358,20230224,1
000358,20230226,1
000359,20230302,1
000359,20230303,1
000359,20230305,1
000359,20230309,1
000359,20230310,1
000359,20230312,1
000359,20230330,1
000359,20230331,1
000359,20230402,1
000359,20230406,1
000359,20230407,1
000359,20230414,1
000359,20230416,1
000359,20230420,1
000359,20230421,1
000359,20230423,1
000359,20230427,1
000359,20230428,1
000359,20230430,1
000359,20230504,1
000359,20230505,1
000360,20230213,1
000360,20230214,1
000360,20230215,1
000360,20230220,1
000360,20230221,1
000360,20230222,1
000361,20230227,1
000361,20230228,1
000361,20230301,1
000361,20230306,1
000361,20230307,1
000361,20230308,1
000361,20230327,1
000361,20230328,1
000361,20230329,1
000361,20230403,1
000361,20230404,1
000361,20230405,1
000361,20230417,1
000361,20230418,1
000361,20230419,1
000361,20230424,1
000361,20230425,1
000361,20230426,1
000361,20230501,1
000361,20230502,1
000361,20230503,1
000361,20230508,1
000361,20230509,1
000362,20230316,1
000362,20230317,1
000362,20230319,1
000362,20230323,1
000362,20230324,1
000362,20230326,1
000363,20230313,1
000363,20230314,1
000363,20230315,1
000363,20230320,1
000363,20230321,1
000363,20230322,1
000364,20230410,1
000364,20230411,1
000364,20230412,1
000365,20230227,1
000365,20230303,1
000365,20230304,1
000365,20230306,1
000365,20230310,1
000365,20230311,1
000365,20230313,1
000365,20230317,1
000365,20230318,1
000366,20230228,1
000366,20230301,1
000366,20230302,1
000366,20230307,1
000366,20230308,1
000366,20230309,1
000366,20230314,1
000366,20230315,1
000366,20230316,1
000367,20230210,1
000367,20230211,1
000367,20230213,1
000367,20230217,1
000367,20230218,1
000367,20230220,1
000367,20230224,1
000367,20230225,1
000368,20230214,1
000368,20230215,1
000368,20230216,1
000368,20230221,1
000368,20230222,1
000368,20230223,1
000369,20230320,1
000369,20230324,1
000369,20230325,1
000369,20230327,1
000369,20230331,1
000369,20230401,1
000369,20230403,1
000369,20230407,1
000369,20230414,1
000369,20230415,1
000369,20230417,1
000369,20230421,1
000369,20230422,1
000369,20230424,1
000369,20230428,1
000369,20230429,1
000369,20230501,1
000369,20230505,1
000369,20230506,1
000370,20230321,1
000370,20230322,1
000370,20230323,1
000370,20230328,1
000370,20230329,1
000370,20230330,1
000370,20230404,1
000370,20230405,1
000370,20230406,1
000370,20230411,1
000370,20230412,1
000370,20230413,1
000370,20230418,1
000370,20230419,1
000370,20230420,1
000370,20230425,1
000370,20230426,1
000370,20230427,1
000370,20230502,1
000370,20230503,1
000370,20230504,1
000370,20230509,1
000371,20230325,1
000371,20230326,1
000371,20230401,1
000371,20230402,1
000372,20230507,1
000373,20230403,1
000373,20230404,1
000373,20230405,1
000373,20230406,1
000373,20230407,1
000373,20230408,1
000373,20230410,1
000373,20230411,1
000373,20230417,1
000373,20230424,1
000373,20230430,1
000373,20230501,1
000373,20230508,1
000374,20230412,1
000374,20230413,1
000374,20230414,1
000374,20230415,1
000374,20230418,1
000374,20230419,1
000374,20230420,1
000374,20230425,1
000374,20230426,1
000374,20230427,1
000374,20230428,1
000374,20230502,1
000374,20230503,1
000374,20230504,1
000374,20230505,1
000374,20230509,1
000375,20230429,1
000375,20230506,1
000376,20230210,1
000376,20230212,1
000376,20230213,1
000376,20230214,1
000376,20230215,1
000376,20230216,1
000376,20230217,1
000376,20230218,1
000376,20230219,1
000376,20230220,1
000376,20230221,1
000376,20230222,1
000376,20230223,1
000376,20230224,1
000376,20230226,1
000377,20230416,1
000377,20230423,1
000378,20230311,1
000378,20230312,1
000378,20230318,1
000378,20230319,1
000379,20230327,1
000379,20230329,1
000379,20230330,1
000379,20230331,1
000380,20230409,1
000381,20230421,1
000381,20230422,1
000382,20230403,1
000382,20230404,1
000382,20230405,1
000382,20230406,1
000382,20230407,1
000382,20230410,1
000382,20230411,1
000382,20230412,1
000382,20230413,1
000382,20230414,1
000382,20230417,1
000382,20230418,1
000382,20230419,1
000382,20230420,1
000382,20230424,1
000382,20230425,1
000382,20230426,1
000382,20230427,1
000382,20230428,1
000383,20230415,1
000383,20230416,1
000383,20230421,1
000383,20230422,1
000383,20230423,1
000383,20230429,1
000383,20230430,1
000384,20230408,1
000384,20230409,1
000385,20230227,1
000385,20230228,1
000385,20230301,1
000385,20230302,1
000385,20230303,1
000385,20230305,1
000385,20230306,1
000385,20230307,1
000385,20230308,1
000385,20230309,1
000385,20230310,1
000385,20230311,1
000385,20230312,1
000385,20230313,1
000385,20230314,1
000385,20230315,1
000385,20230316,1
000385,20230317,1
000385,20230318,1
000385,20230319,1
000385,20230320,1
000385,20230321,1
000385,20230322,1
000385,20230323,1
000385,20230324,1
000385,20230325,1
000385,20230326,1
000385,20230327,1
000385,20230328,1
000385,20230329,1
000385,20230330,1
000385,20230331,1
000385,20230401,1
000385,20230402,1
000386,20230210,1
000386,20230213,1
000386,20230214,1
000386,20230216,1
000386,20230220,1
000386,20230221,1
000386,20230223,1
000386,20230224,1
000387,20230211,1
000387,20230212,1
000387,20230217,1
000387,20230218,1
000387,20230219,1
000387,20230225,1
000387,20230226,1
000388,20230227,1
000388,20230228,1
000388,20230302,1
000388,20230303,1
000388,20230306,1
000388,20230307,1
000388,20230308,1
000388,20230309,1
000388,20230310,1
000388,20230311,1
000388,20230312,1
000388,20230313,1
000388,20230314,1
000388,20230315,1
000388,20230316,1
000388,20230317,1
000388,20230318,1
000388,20230319,1
000389,20230301,1
000389,20230304,1
000389,20230305,1
000390,20230210,1
000390,20230213,1
000390,20230214,1
000390,20230215,1
000390,20230216,1
000390,20230220,1
000390,20230221,1
000390,20230222,1
000390,20230223,1
000390,20230224,1
000391,20230506,1
000391,20230507,1
000392,20230320,1
000392,20230321,1
000392,20230322,1
000392,20230323,1
000392,20230324,1
000392,20230325,1
000392,20230326,1
000392,20230327,1
000392,20230328,1
000392,20230329,1
000392,20230330,1
000392,20230331,1
000392,20230401,1
000392,20230402,1
000392,20230501,1
000392,20230502,1
000392,20230503,1
000392,20230504,1
000392,20230505,1
000392,20230508,1
000392,20230509,1
000393,20230321,1
000393,20230322,1
000393,20230323,1
000393,20230328,1
000393,20230329,1
000393,20230330,1
000393,20230404,1
000393,20230405,1
000393,20230406,1
000393,20230411,1
000393,20230412,1
000393,20230413,1
000393,20230418,1
000393,20230419,1
000393,20230420,1
000393,20230425,1
000393,20230426,1
000393,20230427,1
000393,20230502,1
000393,20230504,1
000393,20230509,1
000394,20230320,1
000394,20230324,1
000394,20230325,1
000394,20230326,1
000394,20230327,1
000394,20230331,1
000394,20230401,1
000394,20230402,1
000394,20230403,1
000394,20230407,1
000394,20230417,1
000394,20230421,1
000394,20230424,1
000394,20230428,1
000394,20230501,1
000394,20230508,1
000395,20230227,1
000395,20230303,1
000395,20230304,1
000395,20230305,1
000395,20230306,1
000395,20230310,1
000395,20230311,1
000395,20230312,1
000395,20230313,1
000395,20230317,1
000395,20230318,1
000395,20230319,1
000396,20230414,1
000396,20230415,1
000396,20230416,1
000396,20230422,1
000396,20230423,1
000396,20230429,1
000396,20230430,1
000396,20230505,1
000397,20230210,1
000397,20230212,1
000397,20230213,1
000397,20230217,1
000397,20230220,1
000397,20230224,1
000398,20230403,1
000398,20230404,1
000398,20230405,1
000398,20230406,1
000398,20230407,1
000398,20230410,1
000398,20230411,1
000398,20230412,1
000398,20230413,1
000398,20230414,1
000398,20230415,1
000398,20230416,1
000398,20230417,1
000398,20230418,1
000398,20230419,1
000398,20230420,1
000398,20230421,1
000398,20230422,1
000398,20230423,1
000398,20230424,1
000398,20230425,1
000398,20230426,1
000398,20230427,1
000398,20230428,1
000398,20230429,1
000398,20230430,1
000398,20230502,1
000398,20230503,1
000398,20230504,1
000398,20230505,1
000398,20230509,1
000399,20230227,1
000399,20230228,1
000399,20230301,1
000399,20230302,1
000399,20230303,1
000399,20230304,1
000399,20230305,1
000399,20230306,1
000399,20230307,1
000399,20230308,1
000399,20230309,1
000399,20230310,1
000399,20230311,1
000399,20230312,1
000399,20230313,1
000399,20230314,1
000399,20230315,1
000399,20230316,1
000399,20230317,1
000399,20230318,1
000399,20230319,1
000399,20230320,1
000399,20230321,1
000399,20230322,1
000399,20230323,1
000399,20230324,1
000399,20230325,1
000399,20230326,1
000399,20230327,1
000399,20230328,1
000399,20230329,1
000399,20230330,1
000399,20230331,1
000399,20230401,1
000399,20230402,1
000400,20230227,1
000400,20230228,1
000400,20230301,1
000400,20230302,1
000400,20230303,1
000400,20230304,1
000400,20230305,1
000400,20230311,1
000400,20230312,1
000400,20230318,1
000400,20230319,1
000401,20230410,1
000401,20230411,1
000401,20230412,1
000401,20230413,1
000402,20230403,1
000402,20230404,1
000402,20230405,1
000402,20230406,1
000402,20230407,1
000402,20230414,1
000402,20230415,1
000402,20230416,1
000402,20230417,1
000402,20230418,1
000402,20230419,1
000402,20230420,1
000402,20230421,1
000402,20230422,1
000402,20230423,1
000402,20230424,1
000402,20230425,1
000402,20230426,1
000402,20230427,1
000402,20230428,1
000402,20230429,1
000402,20230430,1
000403,20230325,1
000403,20230326,1
000403,20230327,1
000403,20230328,1
000403,20230329,1
000403,20230330,1
000403,20230331,1
000403,20230401,1
000403,20230402,1
000403,20230501,1
000403,20230502,1
000403,20230503,1
000403,20230504,1
000403,20230505,1
000403,20230508,1
000403,20230509,1
000404,20230215,1
000404,20230220,1
000404,20230221,1
000404,20230222,1
000404,20230227,1
000404,20230228,1
000404,20230301,1
000404,20230306,1
000404,20230307,1
000404,20230308,1
000404,20230313,1
000404,20230314,1
000404,20230315,1
000404,20230320,1
000404,20230321,1
000404,20230322,1
000404,20230327,1
000404,20230328,1
000404,20230329,1
000404,20230403,1
000404,20230404,1
000404,20230405,1
000404,20230411,1
000404,20230412,1
000404,20230417,1
000404,20230418,1
000404,20230419,1
000404,20230424,1
000404,20230425,1
000404,20230426,1
000404,20230502,1
000404,20230503,1
000404,20230509,1
000405,20230216,1
000405,20230217,1
000405,20230223,1
000405,20230224,1
000405,20230302,1
000405,20230303,1
000405,20230309,1
000405,20230310,1
000405,20230316,1
000405,20230317,1
000405,20230323,1
000405,20230324,1
000405,20230330,1
000405,20230331,1
000405,20230406,1
000405,20230407,1
000405,20230413,1
000405,20230414,1
000405,20230420,1
000405,20230421,1
000405,20230427,1
000405,20230428,1
000405,20230504,1
000405,20230505,1
000406,20230407,1
000406,20230413,1
000406,20230505,1
000407,20230307,1
000407,20230308,1
000408,20230426,1
000408,20230504,1
000409,20230327,1
000409,20230331,1
000409,20230401,1
000409,20230402,1
000409,20230403,1
000409,20230408,1
000409,20230409,1
000409,20230410,1
000409,20230411,1
000409,20230412,1
000409,20230414,1
000409,20230415,1
000409,20230416,1
000409,20230417,1
000409,20230418,1
000409,20230419,1
000409,20230421,1
000409,20230424,1
000409,20230425,1
000409,20230427,1
000409,20230428,1
000409,20230429,1
000409,20230430,1
000409,20230501,1
000409,20230506,1
000409,20230507,1
000409,20230508,1
000409,20230509,1
000410,20230216,1
000410,20230310,1
000411,20230211,1
000411,20230212,1
000411,20230304,1
000411,20230305,1
000412,20230502,1
000412,20230503,1
000413,20230325,1
000413,20230326,1
000414,20230311,1
000414,20230318,1
000415,20230213,1
000415,20230214,1
000415,20230215,1
000415,20230217,1
000415,20230218,1
000415,20230219,1
000415,20230225,1
000415,20230226,1
000415,20230227,1
000415,20230228,1
000415,20230303,1
000415,20230321,1
000415,20230322,1
000415,20230324,1
000416,20230214,1
000416,20230215,1
000417,20230310,1
000417,20230320,1
000417,20230321,1
000417,20230322,1
000417,20230324,1
000418,20230308,1
000418,20230323,1
000419,20230306,1
000419,20230307,1
000420,20230501,1
000420,20230503,1
000421,20230502,1
000421,20230504,1
000421,20230505,1
000422,20230211,1
000422,20230212,1
000422,20230213,1
000422,20230217,1
000422,20230218,1
000422,20230219,1
000422,20230225,1
000422,20230226,1
000422,20230227,1
000422,20230228,1
000422,20230303,1
000422,20230304,1
000422,20230305,1
000423,20230411,1
000423,20230412,1
000423,20230414,1
000423,20230418,1
000423,20230419,1
000423,20230424,1
000424,20230426,1
000424,20230427,1
000424,20230428,1
000425,20230211,1
000425,20230212,1
000426,20230410,1
000426,20230415,1
000426,20230429,1
000426,20230430,1
000426,20230501,1
000426,20230508,1
000427,20230213,1
000427,20230214,1
000427,20230215,1
000427,20230216,1
000427,20230217,1
000427,20230220,1
000427,20230221,1
000427,20230222,1
000427,20230223,1
000427,20230224,1
000427,20230227,1
000427,20230228,1
000427,20230301,1
000427,20230302,1
000427,20230303,1
000427,20230306,1
000427,20230307,1
000427,20230308,1
000427,20230309,1
000427,20230310,1
000427,20230313,1
000427,20230314,1
000427,20230315,1
000427,20230316,1
000427,20230317,1
000427,20230320,1
000427,20230321,1
000427,20230322,1
000427,20230323,1
000427,20230324,1
000428,20230407,1
000428,20230414,1
000428,20230421,1
000429,20230328,1
000429,20230329,1
000429,20230330,1
000429,20230331,1
000429,20230404,1
000429,20230405,1
000429,20230406,1
000429,20230411,1
000429,20230412,1
000429,20230413,1
000429,20230417,1
000429,20230418,1
000429,20230419,1
000429,20230420,1
000429,20230424,1
000429,20230425,1
000429,20230426,1
000429,20230427,1
000429,20230428,1
000429,20230502,1
000429,20230503,1
000429,20230504,1
000429,20230505,1
000429,20230509,1
000430,20230218,1
000430,20230219,1
000430,20230225,1
000430,20230226,1
000430,20230304,1
000430,20230305,1
000430,20230325,1
000430,20230326,1
000431,20230225,1
000431,20230304,1
000432,20230306,1
000432,20230307,1
000432,20230308,1
000432,20230309,1
000432,20230310,1
000433,20230211,1
000433,20230212,1
000433,20230218,1
000433,20230219,1
000433,20230226,1
000433,20230305,1
000433,20230312,1
000433,20230325,1
000433,20230326,1
000434,20230208,1
000434,20230209,1
000434,20230210,1
000434,20230213,1
000434,20230214,1
000434,20230215,1
000434,20230216,1
000434,20230217,1
000434,20230220,1
000434,20230221,1
000434,20230222,1
000434,20230223,1
000434,20230224,1
000434,20230227,1
000434,20230228,1
000434,20230301,1
000434,20230302,1
000434,20230303,1
000435,20230415,1
000435,20230416,1
000435,20230429,1
000435,20230430,1
000435,20230506,1
000435,20230507,1
000436,20230410,1
000436,20230501,1
000436,20230508,1
000437,20230403,1
000437,20230404,1
000437,20230405,1
000437,20230406,1
000437,20230407,1
000437,20230411,1
000437,20230412,1
000437,20230413,1
000437,20230414,1
000437,20230417,1
000437,20230418,1
000437,20230419,1
000437,20230420,1
000437,20230425,1
000437,20230426,1
000437,20230427,1
000437,20230428,1
000437,20230502,1
000437,20230503,1
000437,20230504,1
000437,20230505,1
000438,20230212,1
000438,20230305,1
000438,20230312,1
000439,20230211,1
000439,20230218,1
000439,20230219,1
000440,20230220,1
000440,20230227,1
000440,20230306,1
000440,20230313,1
000440,20230320,1
000441,20230307,1
000441,20230308,1
000441,20230310,1
000441,20230314,1
000441,20230317,1
000441,20230321,1
000441,20230322,1
000441,20230323,1
000441,20230324,1
000442,20230210,1
000442,20230214,1
000442,20230215,1
000442,20230216,1
000442,20230217,1
000443,20230315,1
000443,20230316,1
000444,20230221,1
000444,20230222,1
000444,20230223,1
000444,20230224,1
000444,20230228,1
000444,20230301,1
000444,20230302,1
000444,20230303,1
000445,20230406,1
000445,20230407,1
000446,20230403,1
000446,20230404,1
000446,20230405,1
000446,20230410,1
000446,20230411,1
000446,20230412,1
000446,20230413,1
000446,20230414,1
000447,20230426,1
000447,20230427,1
000448,20230424,1
000448,20230425,1
000449,20230327,1
000449,20230328,1
000449,20230329,1
000449,20230330,1
000449,20230417,1
000449,20230418,1
000449,20230419,1
000449,20230420,1
000450,20230429,1
000450,20230430,1
000450,20230506,1
000450,20230507,1
000451,20230403,1
000451,20230404,1
000451,20230405,1
000451,20230406,1
000451,20230407,1
000451,20230410,1
000451,20230411,1
000451,20230412,1
000451,20230413,1
000451,20230414,1
000452,20230313,1
000452,20230314,1
000452,20230315,1
000452,20230316,1
000452,20230320,1
000452,20230321,1
000452,20230322,1
000452,20230323,1
000453,20230227,1
000453,20230228,1
000453,20230301,1
000453,20230302,1
000454,20230214,1
000454,20230216,1
000455,20230415,1
000455,20230429,1
000455,20230506,1
000456,20230212,1
000456,20230305,1
000456,20230312,1
000456,20230319,1
000457,20230210,1
000457,20230213,1
000457,20230215,1
000457,20230217,1
000458,20230417,1
000458,20230418,1
000458,20230419,1
000458,20230420,1
000459,20230306,1
000459,20230307,1
000459,20230308,1
000459,20230309,1
000460,20230220,1
000460,20230221,1
000460,20230222,1
000460,20230223,1
000460,20230224,1
000460,20230303,1
000461,20230416,1
000461,20230430,1
000462,20230227,1
000462,20230306,1
000462,20230313,1
000462,20230320,1
000462,20230327,1
000462,20230403,1
000462,20230411,1
000462,20230417,1
000462,20230424,1
000462,20230502,1
000463,20230228,1
000463,20230301,1
000463,20230302,1
000463,20230303,1
000463,20230307,1
000463,20230308,1
000463,20230309,1
000463,20230310,1
000463,20230314,1
000463,20230315,1
000463,20230316,1
000463,20230317,1
000463,20230321,1
000463,20230322,1
000463,20230323,1
000463,20230324,1
000463,20230328,1
000463,20230329,1
000463,20230330,1
000463,20230331,1
000463,20230404,1
000463,20230405,1
000463,20230406,1
000463,20230407,1
000463,20230412,1
000463,20230413,1
000463,20230414,1
000463,20230418,1
000463,20230419,1
000463,20230420,1
000463,20230421,1
000463,20230425,1
000463,20230426,1
000463,20230427,1
000463,20230428,1
000463,20230503,1
000463,20230504,1
000463,20230505,1
000464,20230214,1
000464,20230215,1
000464,20230216,1
000464,20230217,1
000464,20230221,1
000464,20230222,1
000464,20230223,1
000464,20230224,1
000465,20230211,1
000465,20230304,1
000465,20230422,1
000466,20230210,1
000466,20230213,1
000466,20230214,1
000466,20230215,1
000466,20230216,1
000466,20230217,1
000466,20230218,1
000466,20230220,1
000466,20230221,1
000466,20230222,1
000466,20230223,1
000466,20230224,1
000466,20230225,1
000466,20230227,1
000466,20230228,1
000466,20230301,1
000466,20230302,1
000466,20230303,1
000466,20230306,1
000466,20230307,1
000466,20230308,1
000466,20230309,1
000466,20230310,1
000466,20230313,1
000466,20230314,1
000466,20230315,1
000466,20230316,1
000466,20230317,1
000466,20230320,1
000466,20230321,1
000466,20230322,1
000466,20230323,1
000466,20230324,1
000466,20230328,1
000466,20230329,1
000466,20230330,1
000466,20230331,1
000466,20230401,1
000466,20230403,1
000466,20230404,1
000466,20230405,1
000466,20230406,1
000466,20230407,1
000466,20230408,1
000466,20230411,1
000466,20230412,1
000466,20230413,1
000466,20230414,1
000466,20230415,1
000466,20230417,1
000466,20230418,1
000466,20230419,1
000466,20230420,1
000466,20230421,1
000466,20230424,1
000466,20230425,1
000466,20230426,1
000466,20230427,1
000466,20230428,1
000466,20230429,1
000466,20230502,1
000466,20230503,1
000466,20230504,1
000466,20230505,1
000466,20230509,1
000467,20230213,1
000467,20230214,1
000467,20230215,1
000467,20230216,1
000467,20230217,1
000467,20230220,1
000467,20230221,1
000467,20230222,1
000467,20230223,1
000467,20230224,1
000468,20230417,1
000468,20230418,1
000468,20230419,1
000468,20230420,1
000468,20230421,1
000468,20230424,1
000468,20230425,1
000468,20230426,1
000468,20230427,1
000468,20230428,1
000468,20230502,1
000468,20230503,1
000468,20230504,1
000468,20230505,1
000469,20230212,1
000469,20230304,1
000469,20230305,1
000470,20230211,1
000470,20230422,1
000470,20230423,1
000471,20230210,1
000471,20230213,1
000471,20230214,1
000471,20230215,1
000471,20230216,1
000471,20230221,1
000471,20230222,1
000471,20230223,1
000471,20230224,1
000471,20230226,1
000471,20230227,1
000471,20230228,1
000471,20230301,1
000471,20230302,1
000471,20230303,1
000471,20230306,1
000471,20230307,1
000471,20230308,1
000471,20230309,1
000471,20230310,1
000471,20230313,1
000471,20230314,1
000471,20230315,1
000471,20230316,1
000471,20230317,1
000471,20230320,1
000471,20230321,1
000471,20230322,1
000471,20230323,1
000471,20230324,1
000471,20230327,1
000471,20230328,1
000471,20230329,1
000471,20230330,1
000471,20230331,1
000471,20230401,1
000471,20230402,1
000471,20230403,1
000471,20230404,1
000471,20230405,1
000471,20230406,1
000471,20230407,1
000471,20230408,1
000471,20230409,1
000471,20230410,1
000471,20230411,1
000471,20230412,1
000471,20230413,1
000471,20230414,1
000471,20230416,1
000471,20230417,1
000471,20230418,1
000471,20230419,1
000471,20230420,1
000471,20230425,1
000471,20230426,1
000471,20230427,1
000471,20230428,1
000471,20230430,1
000471,20230501,1
000471,20230502,1
000471,20230503,1
000471,20230504,1
000471,20230505,1
000471,20230509,1
000472,20230506,1
000472,20230507,1
000472,20230508,1
000473,20230217,1
000473,20230218,1
000473,20230219,1
000473,20230220,1
000473,20230225,1
000473,20230415,1
000473,20230421,1
000473,20230424,1
000473,20230429,1
000474,20230401,1
000474,20230408,1
000474,20230415,1
000474,20230429,1
000475,20230218,1
000475,20230225,1
000476,20230304,1
000476,20230422,1
000477,20230210,1
000477,20230213,1
000477,20230214,1
000477,20230215,1
000477,20230216,1
000477,20230217,1
000477,20230218,1
000477,20230219,1
000477,20230220,1
000477,20230221,1
000477,20230222,1
000477,20230223,1
000477,20230224,1
000477,20230225,1
000477,20230226,1
000477,20230227,1
000477,20230228,1
000477,20230301,1
000477,20230302,1
000477,20230303,1
000477,20230306,1
000477,20230307,1
000477,20230308,1
000477,20230309,1
000477,20230310,1
000477,20230313,1
000477,20230314,1
000477,20230315,1
000477,20230316,1
000477,20230317,1
000477,20230320,1
000477,20230321,1
000477,20230322,1
000477,20230323,1
000477,20230324,1
000477,20230327,1
000477,20230328,1
000477,20230329,1
000477,20230330,1
000477,20230331,1
000477,20230401,1
000477,20230402,1
000477,20230403,1
000477,20230404,1
000477,20230405,1
000477,20230406,1
000477,20230407,1
000477,20230408,1
000477,20230409,1
000477,20230410,1
000477,20230411,1
000477,20230412,1
000477,20230413,1
000477,20230414,1
000477,20230415,1
000477,20230416,1
000477,20230417,1
000477,20230418,1
000477,20230419,1
000477,20230420,1
000477,20230421,1
000477,20230424,1
000477,20230425,1
000477,20230426,1
000477,20230427,1
000477,20230428,1
000477,20230429,1
000477,20230430,1
000477,20230501,1
000477,20230502,1
000477,20230503,1
000477,20230504,1
000477,20230505,1
000477,20230508,1
000477,20230509,1
000478,20230213,1
000478,20230214,1
000478,20230215,1
000478,20230216,1
000478,20230217,1
000478,20230218,1
000478,20230219,1
000478,20230220,1
000478,20230221,1
000478,20230222,1
000478,20230223,1
000478,20230224,1
000478,20230225,1
000478,20230226,1
000479,20230401,1
000479,20230402,1
000479,20230408,1
000479,20230409,1
000479,20230415,1
000479,20230416,1
000479,20230429,1
000479,20230430,1
000480,20230508,1
000480,20230509,1
000481,20230227,1
000481,20230228,1
000481,20230301,1
000481,20230302,1
000481,20230303,1
000481,20230306,1
000481,20230307,1
000481,20230308,1
000481,20230309,1
000481,20230310,1
000481,20230313,1
000481,20230314,1
000481,20230315,1
000481,20230316,1
000481,20230317,1
000481,20230320,1
000481,20230321,1
000481,20230322,1
000481,20230323,1
000481,20230324,1
000481,20230327,1
000481,20230328,1
000481,20230329,1
000481,20230330,1
000481,20230331,1
000481,20230403,1
000481,20230404,1
000481,20230405,1
000481,20230407,1
000481,20230410,1
000481,20230411,1
000481,20230412,1
000481,20230413,1
000481,20230414,1
000481,20230417,1
000481,20230418,1
000481,20230419,1
000481,20230420,1
000481,20230421,1
000481,20230424,1
000481,20230425,1
000481,20230426,1
000481,20230427,1
000481,20230428,1
000481,20230501,1
000481,20230502,1
000481,20230503,1
000481,20230504,1
000481,20230505,1
000482,20230411,1
000482,20230412,1
000483,20230214,1
000483,20230215,1
000483,20230228,1
000484,20230210,1
000484,20230213,1
000484,20230216,1
000484,20230217,1
000484,20230218,1
000484,20230219,1
000484,20230220,1
000484,20230221,1
000484,20230222,1
000484,20230223,1
000484,20230224,1
000484,20230225,1
000484,20230226,1
000484,20230227,1
000484,20230301,1
000484,20230302,1
000484,20230303,1
000484,20230306,1
000484,20230307,1
000484,20230308,1
000484,20230309,1
000484,20230310,1
000484,20230313,1
000484,20230314,1
000484,20230315,1
000484,20230316,1
000484,20230317,1
000484,20230320,1
000484,20230321,1
000484,20230322,1
000484,20230323,1
000484,20230324,1
000484,20230327,1
000484,20230328,1
000484,20230329,1
000484,20230330,1
000484,20230331,1
000484,20230401,1
000484,20230402,1
000484,20230403,1
000484,20230404,1
000484,20230405,1
000484,20230406,1
000484,20230407,1
000484,20230408,1
000484,20230409,1
000484,20230410,1
000484,20230413,1
000484,20230414,1
000484,20230415,1
000484,20230416,1
000484,20230417,1
000484,20230418,1
000484,20230419,1
000484,20230420,1
000484,20230421,1
000484,20230424,1
000484,20230425,1
000484,20230426,1
000484,20230427,1
000484,20230428,1
000484,20230429,1
000484,20230430,1
000484,20230501,1
000484,20230502,1
000484,20230503,1
000484,20230504,1
000484,20230505,1
000484,20230508,1
000484,20230509,1
000485,20230227,1
000485,20230228,1
000485,20230301,1
000485,20230302,1
000485,20230303,1
000485,20230306,1
000485,20230307,1
000485,20230308,1
000485,20230309,1
000485,20230310,1
000485,20230313,1
000485,20230314,1
000485,20230315,1
000485,20230316,1
000485,20230317,1
000485,20230320,1
000485,20230321,1
000485,20230322,1
000485,20230323,1
000485,20230324,1
000485,20230327,1
000485,20230328,1
000485,20230329,1
000485,20230330,1
000485,20230331,1
000485,20230401,1
000485,20230403,1
000485,20230404,1
000485,20230405,1
000485,20230406,1
000485,20230407,1
000485,20230408,1
000485,20230411,1
000485,20230412,1
000485,20230413,1
000485,20230414,1
000485,20230415,1
000485,20230417,1
000485,20230418,1
000485,20230419,1
000485,20230420,1
000485,20230421,1
000485,20230424,1
000485,20230425,1
000485,20230426,1
000485,20230427,1
000485,20230428,1
000485,20230429,1
000485,20230502,1
000485,20230503,1
000485,20230504,1
000485,20230505,1
000486,20230213,1
000486,20230214,1
000486,20230215,1
000486,20230216,1
000486,20230217,1
000486,20230218,1
000486,20230220,1
000486,20230221,1
000486,20230222,1
000486,20230223,1
000486,20230224,1
000486,20230225,1
000487,20230210,1
000487,20230217,1
000487,20230224,1
000487,20230303,1
000487,20230310,1
000487,20230317,1
000487,20230324,1
000487,20230331,1
000487,20230407,1
000487,20230414,1
000487,20230421,1
000487,20230428,1
000487,20230505,1
000488,20230304,1
000488,20230305,1
000488,20230422,1
000488,20230423,1
000489,20230227,1
000489,20230228,1
000489,20230301,1
000489,20230302,1
000489,20230303,1
000489,20230306,1
000489,20230307,1
000489,20230308,1
000489,20230309,1
000489,20230310,1
000489,20230313,1
000489,20230314,1
000489,20230315,1
000489,20230316,1
000489,20230317,1
000489,20230320,1
000489,20230321,1
000489,20230322,1
000489,20230323,1
000489,20230324,1
000489,20230327,1
000489,20230328,1
000489,20230329,1
000489,20230330,1
000489,20230331,1
000489,20230401,1
000489,20230402,1
000489,20230403,1
000489,20230404,1
000489,20230405,1
000489,20230406,1
000489,20230407,1
000489,20230408,1
000489,20230409,1
000489,20230410,1
000489,20230411,1
000489,20230412,1
000489,20230413,1
000489,20230414,1
000489,20230415,1
000489,20230416,1
000489,20230417,1
000489,20230418,1
000489,20230419,1
000489,20230420,1
000489,20230421,1
000489,20230424,1
000489,20230425,1
000489,20230426,1
000489,20230427,1
000489,20230428,1
000489,20230429,1
000489,20230430,1
000489,20230501,1
000489,20230502,1
000489,20230503,1
000489,20230504,1
000489,20230505,1
000490,20230210,1
000490,20230213,1
000490,20230214,1
000490,20230215,1
000490,20230216,1
000490,20230217,1
000490,20230218,1
000490,20230219,1
000490,20230220,1
000490,20230221,1
000490,20230222,1
000490,20230223,1
000490,20230224,1
000490,20230225,1
000490,20230226,1
000490,20230227,1
000490,20230301,1
000490,20230302,1
000490,20230303,1
000490,20230306,1
000490,20230307,1
000490,20230308,1
000490,20230309,1
000490,20230310,1
000490,20230313,1
000490,20230314,1
000490,20230315,1
000490,20230316,1
000490,20230317,1
000490,20230320,1
000490,20230321,1
000490,20230322,1
000490,20230323,1
000490,20230324,1
000490,20230327,1
000490,20230328,1
000490,20230329,1
000490,20230330,1
000490,20230331,1
000490,20230401,1
000490,20230402,1
000490,20230403,1
000490,20230404,1
000490,20230405,1
000490,20230406,1
000490,20230407,1
000490,20230408,1
000490,20230409,1
000490,20230411,1
000490,20230412,1
000490,20230413,1
000490,20230414,1
000490,20230415,1
000490,20230416,1
000490,20230417,1
000490,20230418,1
000490,20230419,1
000490,20230420,1
000490,20230421,1
000490,20230424,1
000490,20230425,1
000490,20230426,1
000490,20230427,1
000490,20230428,1
000490,20230429,1
000490,20230430,1
000490,20230502,1
000490,20230503,1
000490,20230504,1
000490,20230505,1
000490,20230509,1
000491,20230211,1
000491,20230212,1
000491,20230228,1
000491,20230304,1
000491,20230305,1
000491,20230422,1
000491,20230423,1
000492,20230210,1
000492,20230213,1
000492,20230214,1
000492,20230215,1
000492,20230216,1
000492,20230217,1
000492,20230220,1
000492,20230221,1
000492,20230222,1
000492,20230223,1
000492,20230224,1
000492,20230227,1
000492,20230228,1
000492,20230301,1
000492,20230302,1
000492,20230303,1
000492,20230306,1
000492,20230307,1
000492,20230308,1
000492,20230309,1
000492,20230310,1
000492,20230313,1
000492,20230314,1
000492,20230315,1
000492,20230316,1
000492,20230317,1
000492,20230320,1
000492,20230321,1
000492,20230322,1
000492,20230323,1
000492,20230324,1
000492,20230327,1
000492,20230328,1
000492,20230329,1
000492,20230330,1
000492,20230331,1
000492,20230403,1
000492,20230404,1
000492,20230405,1
000492,20230406,1
000492,20230407,1
000492,20230411,1
000492,20230412,1
000492,20230413,1
000492,20230414,1
000492,20230417,1
000492,20230418,1
000492,20230419,1
000492,20230420,1
000492,20230421,1
000492,20230424,1
000492,20230425,1
000492,20230426,1
000492,20230427,1
000492,20230428,1
000492,20230502,1
000492,20230503,1
000492,20230504,1
000492,20230505,1
000492,20230509,1
000493,20230305,1
000493,20230402,1
000493,20230409,1
000493,20230410,1
000493,20230416,1
000493,20230423,1
000493,20230430,1
000493,20230501,1
000494,20230219,1
000494,20230226,1
000495,20230312,1
000495,20230319,1
000496,20230210,1
000496,20230213,1
000496,20230214,1
000496,20230215,1
000496,20230216,1
000496,20230217,1
000496,20230220,1
000496,20230221,1
000496,20230222,1
000496,20230223,1
000496,20230224,1
000496,20230417,1
000496,20230418,1
000496,20230419,1
000496,20230420,1
000496,20230421,1
000496,20230424,1
000496,20230425,1
000496,20230426,1
000496,20230427,1
000496,20230428,1
000496,20230502,1
000496,20230503,1
000496,20230504,1
000496,20230505,1
000497,20230213,1
000497,20230214,1
000497,20230215,1
000497,20230216,1
000497,20230217,1
000497,20230218,1
000497,20230219,1
000497,20230220,1
000497,20230221,1
000497,20230222,1
000497,20230223,1
000497,20230224,1
000497,20230226,1
000498,20230210,1
000498,20230212,1
000499,20230227,1
000499,20230228,1
000499,20230302,1
000499,20230306,1
000499,20230307,1
000499,20230308,1
000499,20230309,1
000499,20230310,1
000499,20230313,1
000499,20230314,1
000499,20230315,1
000499,20230316,1
000499,20230317,1
000499,20230320,1
000499,20230321,1
000499,20230322,1
000499,20230323,1
000499,20230324,1
000499,20230327,1
000499,20230328,1
000499,20230329,1
000499,20230330,1
000499,20230331,1
000499,20230401,1
000499,20230402,1
000499,20230403,1
000499,20230404,1
000499,20230405,1
000499,20230406,1
000499,20230407,1
000499,20230410,1
000499,20230411,1
000499,20230412,1
000499,20230413,1
000499,20230414,1
000499,20230416,1
000499,20230417,1
000499,20230418,1
000499,20230419,1
000499,20230420,1
000499,20230421,1
000499,20230423,1
000499,20230424,1
000499,20230425,1
000499,20230426,1
000499,20230427,1
000499,20230428,1
000499,20230430,1
000499,20230501,1
000499,20230502,1
000499,20230504,1
000500,20230301,1
000500,20230303,1
000500,20230305,1
000500,20230408,1
000500,20230409,1
000500,20230415,1
000500,20230429,1
000500,20230503,1
000500,20230505,1
000501,20230227,1
000501,20230228,1
000501,20230301,1
000501,20230302,1
000501,20230303,1
000501,20230306,1
000501,20230307,1
000501,20230308,1
000501,20230309,1
000501,20230310,1
000501,20230313,1
000501,20230314,1
000501,20230315,1
000501,20230316,1
000501,20230317,1
000501,20230320,1
000501,20230321,1
000501,20230322,1
000501,20230323,1
000501,20230324,1
000501,20230327,1
000501,20230328,1
000501,20230329,1
000501,20230330,1
000501,20230331,1
000501,20230403,1
000501,20230404,1
000501,20230405,1
000501,20230406,1
000501,20230407,1
000501,20230411,1
000501,20230414,1
000502,20230412,1
000502,20230413,1
000503,20230212,1
000503,20230219,1
000503,20230226,1
000503,20230305,1
000503,20230402,1
000503,20230409,1
000503,20230410,1
000503,20230416,1
000503,20230423,1
000503,20230430,1
000503,20230501,1
000503,20230508,1
000504,20230505,1
000504,20230507,1
000505,20230213,1
000505,20230214,1
000505,20230215,1
000505,20230216,1
000505,20230217,1
000505,20230219,1
000505,20230220,1
000505,20230221,1
000505,20230222,1
000505,20230223,1
000505,20230224,1
000505,20230226,1
000506,20230227,1
000506,20230228,1
000506,20230301,1
000506,20230302,1
000506,20230303,1
000506,20230305,1
000506,20230306,1
000506,20230307,1
000506,20230308,1
000506,20230309,1
000506,20230310,1
000506,20230313,1
000506,20230314,1
000506,20230315,1
000506,20230316,1
000506,20230317,1
000506,20230320,1
000506,20230321,1
000506,20230322,1
000506,20230323,1
000506,20230324,1
000506,20230327,1
000506,20230328,1
000506,20230329,1
000506,20230330,1
000506,20230331,1
000506,20230402,1
000506,20230403,1
000506,20230404,1
000506,20230405,1
000506,20230406,1
000506,20230407,1
000506,20230409,1
000506,20230410,1
000506,20230411,1
000506,20230412,1
000506,20230413,1
000506,20230414,1
000506,20230416,1
000506,20230417,1
000506,20230418,1
000506,20230419,1
000506,20230420,1
000506,20230421,1
000506,20230423,1
000506,20230424,1
000506,20230425,1
000506,20230426,1
000506,20230427,1
000506,20230428,1
000506,20230430,1
000506,20230501,1
000506,20230502,1
000506,20230503,1
000506,20230504,1
000507,20230210,1
000507,20230217,1
000507,20230224,1
000507,20230421,1
000508,20230211,1
000508,20230212,1
000508,20230213,1
000508,20230214,1
000508,20230215,1
000508,20230216,1
000508,20230218,1
000508,20230219,1
000508,20230220,1
000508,20230221,1
000508,20230222,1
000508,20230223,1
000508,20230225,1
000508,20230226,1
000508,20230304,1
000508,20230305,1
000508,20230401,1
000508,20230402,1
000508,20230408,1
000508,20230409,1
000508,20230410,1
000508,20230415,1
000508,20230416,1
000508,20230417,1
000508,20230418,1
000508,20230419,1
000508,20230420,1
000508,20230422,1
000508,20230423,1
000508,20230429,1
000508,20230430,1
000508,20230501,1
000508,20230508,1
000509,20230424,1
000509,20230425,1
000509,20230427,1
000509,20230502,1
000509,20230503,1
000509,20230504,1
000510,20230428,1
000510,20230505,1
000511,20230402,1
000511,20230409,1
000511,20230410,1
000511,20230416,1
000511,20230423,1
000511,20230430,1
000511,20230501,1
000512,20230213,1
000512,20230217,1
000512,20230224,1
000513,20230220,1
000513,20230221,1
000513,20230222,1
000513,20230223,1
000513,20230227,1
000513,20230228,1
000513,20230301,1
000513,20230302,1
000513,20230303,1
000514,20230215,1
000514,20230216,1
000515,20230331,1
000515,20230407,1
000515,20230414,1
000515,20230421,1
000516,20230218,1
000516,20230219,1
000516,20230225,1
000516,20230226,1
000516,20230508,1
000517,20230306,1
000517,20230307,1
000517,20230308,1
000517,20230309,1
000517,20230310,1
000517,20230313,1
000517,20230314,1
000517,20230315,1
000517,20230316,1
000517,20230317,1
000517,20230320,1
000517,20230321,1
000517,20230322,1
000517,20230323,1
000517,20230327,1
000517,20230328,1
000517,20230329,1
000517,20230330,1
000517,20230403,1
000517,20230404,1
000517,20230405,1
000517,20230406,1
000517,20230410,1
000517,20230411,1
000517,20230412,1
000517,20230413,1
000517,20230417,1
000517,20230418,1
000517,20230419,1
000517,20230420,1
000517,20230424,1
000517,20230425,1
000517,20230426,1
000517,20230427,1
000517,20230428,1
000517,20230502,1
000517,20230503,1
000517,20230504,1
000517,20230509,1
000518,20230401,1
000518,20230402,1
000518,20230408,1
000518,20230409,1
000518,20230415,1
000518,20230416,1
000518,20230423,1
000518,20230429,1
000518,20230430,1
000518,20230501,1
000000,20230208,1
000000,20230209,1
000000,20230210,1
000000,20230211,1
000000,20230212,1
000000,20230213,1
000000,20230214,1
000000,20230215,1
000000,20230216,1
000000,20230217,1
000000,20230218,1
000000,20230219,1
000000,20230220,1
000000,20230221,1
000000,20230222,1
000000,20230223,1
000000,20230224,1
000000,20230225,1
000000,20230226,1
000000,20230227,1
000000,20230228,1
000000,20230301,1
000000,20230302,1
000000,20230303,1
000000,20230304,1
000000,20230305,1
000000,20230306,1
000000,20230307,1
000000,20230308,1
000000,20230309,1
000000,20230310,1
000000,20230311,1
000000,20230312,1
000000,20230313,1
000000,20230314,1
000000,20230315,1
000000,20230316,1
000000,20230317,1
000000,20230318,1
000000,20230319,1
000000,20230320,1
000000,20230321,1
000000,20230322,1
000000,20230323,1
000000,20230324,1
000000,20230325,1
000000,20230326,1
000000,20230327,1
000000,20230328,1
000000,20230329,1
000000,20230330,1
000000,20230331,1
000000,20230401,1
000000,20230402,1
000000,20230403,1
000000,20230404,1
000000,20230405,1
000000,20230406,1
000000,20230407,1
000000,20230408,1
000000,20230409,1
000000,20230410,1
000000,20230411,1
000000,20230412,1
000000,20230413,1
000000,20230414,1
000000,20230415,1
000000,20230416,1
000000,20230417,1
000000,20230418,1
000000,20230419,1
000000,20230420,1
000000,20230421,1
000000,20230422,1
000000,20230423,1
000000,20230424,1
000000,20230425,1
000000,20230426,1
000000,20230427,1
000000,20230428,1
000000,20230429,1
000000,20230430,1
000000,20230501,1
000000,20230502,1
000000,20230503,1
000000,20230504,1
000000,20230505,1
000000,20230506,1
000000,20230507,1
000000,20230508,1
000000,20230509,1
